otu	barcode03	barcode04	barcode02	barcode01	barcode05
6843d3117a4a30692767466ccc1d379c9720a3f8	19928	20930	29242	16000	10744
cd122aa3302cb4964ff7cb8ffd6f36c73e995394	10457	10338	16727	8739	9915
1e34806f89460106d4ef5d1b44af0021ccbe3d9a	4803	4119	7019	10183	4585
ed1c1adb4a8fbee49f41efa31c096ad710374753	5479	7553	2645	722	4802
54ddcf3357e1185209ce8e7abf07e25dd46443f0	452	7915	0	0	6957
bae595d56422d153791203f02a0523298a673fbc	3288	3624	1547	407	4271
91e1ca6567ef8b8935fadb9655a2e2cb041bdefb	2450	849	2327	2912	3847
0767b99fdf4d54b1ac7b5e1506c2dbce2866972b	3980	3182	179	6002	3649
cc5d0668aeeae695d5736bcaf53b8d0cb1e6cadd	8723	2024	4028	8919	5768
3ae47401b388c14717f2c76d584789503db4da53	0	362	2581	0	1965
52c7a217690559ec5ea64a4b6a0ca98a0b28ffd1	300	4241	0	0	4519
f86bdb066872ee96d3782b658bab853c7250bab0	0	604	4329	0	1997
fb7bfb727e35dfdae76473e97e497a35efdf7938	0	0	0	0	536
19d578b81889b9f9f9f1204769c93131e3cb6cba	0	17	52	0	5
02449541ba62ef4d0b00b8a398c2686b12bc430d	1	0	0	0	309
735d20e7b4bd7e93e181816869669522609f40ab	0	0	0	0	234
e49d5c5d6fb93d9a9c49c1b566b12e731dda04f7	0	0	0	0	107
00f99adfde7b4e9e2bfcc55fb4a588dcd2ce1463	2928	1555	3488	5907	3264
365b2467da7c452b4c99bd064484cfe487ab7998	1047	108	1	1257	616
074e453734052833726ec002063afd6ae3fc2235	1859	33	10	1960	1373
11304f8acbc9d3c28e79c095caaf8cd65eef50f3	3306	1760	0	4230	1234
005f5ab85b1da1713d17feb976e834b0c838e4bd	2293	1612	6	3994	754
3e4dc664a6c748d78a353b50203f8230ec7b5011	142	107	195	380	130
0b59d2524ab459d3d473f0fe35c2a23abe441f7b	1	3	0	69	0
c2f61610909f38a34126c979bba4ee0059411887	422	352	0	922	70
08f983c7102c04b981241454a23256a453410e74	312	304	0	529	132
48a2c1955a43d4716aed156f63ca7660cf567b78	76	60	0	167	25
0b6887ef1740b3080ee7a424da4c1c1e6601a70a	1	2	4	4	2
07e4784e6b55fb2b84729d10f41ffe5a6e2d255e	257	19	1	420	69
057ad05f726f356a20acd06cc3b707f8885b0950	40	5	2	19	9
004f48fa98850600b7ab9d2973e5e0ccc34b169d	160	11	0	92	0
3d5cb6126e7f848c4b5db0938addaf4aa657c24c	0	0	0	12	0
0567886ee726527bcb3bda275b1c7524c17476a9	6	0	1	5	9
00d8fec9f0bbb84eda8f89e1b25ef2ffebad0e90	182	17	0	57	0
0646142df71584e45d01333647a116da426c2a67	11	6	0	153	0
3cade6364e5817c7e04b908f653eec6ed7bbedcd	41	21	47	71	8
009c718afd1e12e50eac12c11b7f7b80254273a5	5	15	26	88	14
1588b918fb8d1e241a7b776993885880dbc3eb47	0	0	0	9	0
168bfe7662aeb7751ca4855eb4ca553dd4efe720	11	2	0	13	4
11e4e84b9345238bab57e17a2e0824bffc584176	3	0	3	3	1
022caf182f561b2cb11ad38f3a20550e1f02fc76	5	3	15	51	38
4e95e72ec9dad31997221dd7ce2c81a5587e7cd8	35	4	0	45	3
42b3be03b655ae05c9a7fc29f3fe76f529a94968	4	1	0	6	3
07657359b608c35fc43789e6730bc1c799a1cfd5	4	0	13	6	4
260df2eca8a0c0704c343e7ba0a5b5c2f1ea648b	2	0	0	13	2
1e5563a176fe7633832118758735dfac52bdcff3	0	0	0	8	0
23f7518660b1b3bf10f94557e3bd6c363286ba09	0	0	0	4	0
0a67c7f6a423c2fe3c9d514391b2bc363267c027	46	2	0	70	4
1c70a2e1d02edea785943cd076a56fb056e9a61b	8	1	9	8	16
004fa0b746447cbaeeb325f4010d768ac75ad324	1	0	0	3	91
0961cf818b6a8fb1ba26f3b07690e6bb74323186	0	0	0	12	0
4d41fa4efc473749402b92171365dbf7da552113	0	0	0	2	0
2ddcac83e77bdc9d4e151373c5d6db12482e25a6	0	1	0	2	7
1e90349a915e69cc2d7043e94b4fa1bd13f35adc	23	3	10	21	3
093038520e74f72feda7e4f1378c33140e44edc1	1	1	0	8	0
0bbab1a39699e49a19d9142b1d57b05b3bd282b0	27	1	0	25	18
038e513d87db2dc0ab4ed6374a93d55deae9c005	20	6	14	9	6
280813e897fd6311cb99195ac59bea39e70265b5	6	0	0	7	17
045b39c30a406feb74bb50c4d774fc47b17e68c2	1	2	0	11	8
1cba775ab59735ed9da5e708bf2aaf13982c91c6	5	6	0	9	0
9403995dd676ca6a2ae91c343c76ba68cf3e45cc	42	4	1	46	9
452177887b882156ecc0f839755b69b269590350	1	0	1	3	1
3fc0a1606f1978142be036a982ac35ab3b07ed0f	0	0	0	1	0
cba71b01a0ec6266fa2d17ca5e0e21c8b47c9345	0	0	0	1	0
227ddf6157e96f3329a143e6a5d979299ef47295	0	0	0	1	0
f3b0332a0a93de17a25d2075bac8bbdc5667c1e0	0	0	0	1	0
2a0c994a2a9a8afb45cc3eb49e6dc059799eca9d	1	3	1	8	7
12508cd1f90973f18fd933aa96d20bf854d533ea	0	0	0	1	1
16387cade74eb2e0fffeaedcba194be5aecc9953	0	0	0	1	1
1cf36596a610a30ecf42027a4bc423cbf967ca4f	11	3	0	18	2
0b6cb3df402f13e4ee62f0fcb24c75b15b85dc99	2	0	0	4	1
0825cb3bda4680388273cd88fad46393981ecdd6	11	0	0	11	3
104dfa153c0fcdcdfc01244a410c89f207860766	0	0	0	7	0
26755b3017aa60b584919a3fd5f4feecd58a593c	9	1	0	9	5
3b88f142a1369fb96e1675054a821a6ffaaf06e0	0	3	4	7	1
c4c456c605ef10b3ca955adc52ca26926fbdeba6	0	0	0	1	0
8b29c2ecb8138719666e95940a1fe50af0deaa22	0	0	0	1	0
a7acdadf881e8085389ad083b66d47501dc38c8f	0	0	0	1	1
1894c9c9215b88185b41d359b13efb4b045d7b7b	8	1	2	8	3
241f5d3b32b3eab6cff531366f560fa37fbdf451	9	2	0	1	0
078cc8bfc4e3d10ccf962587660be2b4f4ba30f5	0	0	0	4	0
21ec30b6fb55e5e0eff726ed9196256a2d51a573	0	0	0	1	0
0c9a2482c6bbd5689a71065b0a4724989d93edfc	0	0	0	13	0
04740956aa884c143df088f94a216986d02a517c	0	0	0	6	0
306eb9c50e9b547e4cc4b289670f0b17d89f66c0	0	0	0	2	0
0e80e4b218437341a0b3aae96e901184cbe78b7f	0	1	0	16	0
153dc310d6a811983b37b097793bee938c19acf5	1	0	0	2	8
f846bda7ac2f223a45948c622eaec53e5a986c13	0	0	0	1	0
109a294fd6bcd1264d87362a1ca343b3434c2623	35	0	0	9	4
f918e17daa9874e38ffa7e828d7156b1e861aa4b	0	0	0	1	0
8a9a13dda2e88970bbb89ad15e4a634ecfdf4906	0	0	0	1	0
e2439ffa0630468444b0a2f9fb7fb54f8d4b71c8	0	0	0	1	0
d41672d5e272e52289def945bc8c40c5d0436cab	0	0	0	1	0
76a3d6b20582d1d91426c86c35ade7f1fbad5032	0	0	1	2	1
daceb55468783ed87172c53602b62194f76baa16	7	0	2	7	2
0a8a7100da9ae9452e453adfa8900b1025d3f3a1	3	0	0	3	0
2f86607af11684659dc4316cb8bc108fb8d8c4f4	0	0	0	1	0
1a97bdd611ef9c374c95caf869062171c6f4d634	1	2	1	3	2
67d33116c19c53947fb7c072d86c37e56c1acc8e	0	0	0	2	0
2f83afb3128a2922f055d57e57efb92aa5c197c7	0	0	0	1	0
0bb62d9f8d4b66ef54b1f871902d2ed8250e1f75	1	0	0	4	8
7810039b5eb4439a1a9027ecc885741d2f3e6cdc	0	0	0	1	0
038a6cd0a7744ebb27ddd37de1e2b62a48c8b870	0	6	4	2	2
ee28d05ba612ce3820e3107b7679b8383f6ddb1e	0	0	0	1	0
0a618886875d26c1156b580a5633a739d1721618	0	0	0	2	0
40dd0f6382a31dbd4415ca5846d7441fd3ec5cac	7	2	1	7	11
004bd098b1bfca0206df9d150187c19e5f468a71	19	3	1	2	1
6f07dd183544aee17395831275e3f5198bc219d8	0	0	1	1	0
02c1f0926e744c0d521ec1f97993ea14e4a9fbb5	0	5	5	20	0
216f983eaa87f505dfa9aca43ec61fd79054dfe1	0	0	0	6	0
02023766790b98a5efe8b6ef8649ebfb7bbe395d	0	6	14	7	0
840095f87bcf6586d030420ffae15544a41526c9	0	0	0	1	0
4ec2f5df7f75db8c3466e0facad59a808ef2dba0	0	0	3	4	1
3d27a0238fba768a1641a68a28f5558fcfd10a7e	0	0	0	1	0
1248b0f4f20298d7d1dd92e6e47df07d656a40d1	0	0	0	4	0
0e9090b1054e33a8b2ea7b8a1dd0e70e5ab287cc	0	0	0	5	0
03e0bdb97f362f36611e342eae14dba292aeab97	1	0	0	5	62
161a3bd7ede7b220014b2999ed9f40618c815f0e	0	0	0	1	0
10f3ea6a537af6fc6648d15ce421b62a22b35153	0	0	0	1	0
a9ef79ae7c9870ceafde0a2bd70870ad5469db23	0	0	0	1	0
4d00a68a8e1962eeca68691899792f8f60f3fb69	0	1	2	1	0
4d9b14230218bd1ce67f1599b6adbbd1eb48c416	0	0	0	1	0
11bca886fd55ded6b61230fb6829fd4f52debb67	2	1	0	2	0
a95902702406e51f1a8adaa03f30c85dfcad433b	0	0	0	1	0
74409a1ac0144f6a9eb2638578808b9b4237b713	2	0	0	1	0
10a4494ca4160e4827f28a0d6f449a3123ff9c0e	0	1	0	2	0
b93d8e16476242a4612ab39e7959ff748ae55a48	0	0	0	1	0
01174834624ff34db622de5dc1471359ad22b037	1	2	0	2	1
7168b370cc7bafeb80e40e2ab470dc77e3695ef0	0	0	0	2	2
04766df8a57dbdb2dcee9f98b1ca1ec99f110109	9	6	8	1	3
e447c74118aaf05a6d08b54c20bacab2b82753c5	0	0	0	1	0
4ba415bd2dbc3481591d4d6b03384bbc1b1dacd2	0	0	0	1	0
039e951e0e204b96a7b8a9ee9598f17efb5355e9	0	12	35	9	0
b362e8fb9ee6f8cc464ece50e072ac1f7c4dc87e	0	0	0	1	0
a3ff088d02da62270036723cdb7496cd6652f5f1	2	3	1	5	4
0d0aff9117bb577a593ea8cf346a595e9a2a35b4	0	0	0	1	0
13d0140b70a468597db05d23d3f94b2ac681b1b9	1	0	0	2	6
c87a352c3bd4f464aa617a03e89fa929fd1f3684	0	0	0	1	0
8d3ef2c61403bd05e2220c34cbe949704b563b75	0	0	0	3	0
23bce9681e0b92bcb37a72fbcf8328853f767813	0	0	0	1	0
0ba67c5a6831aa0803b44be0349b92653ca2e81b	9	0	0	8	5
b2272e1deb55f55629842fcf133391a2b4ce3896	1	0	0	2	0
4074e6d06b1afc72dd5e7d5d26fe4c38159b2d4e	1	0	0	1	0
37a0c9cc455702ba444c1302ad594cee17db3157	7	0	0	1	2
429b7475f69991199760cf0de29e83a22d44a4db	1	0	0	4	0
093dfa0f89d091d4843e3efb5097c04f33a1bba8	0	44	0	1	0
9ecad79cb2e98f6c560d3b1eebab2c4197f24a84	2	0	5	1	3
0d213cb631528e8703207ccd3cda9aa72539d5ca	0	0	0	1	0
052c00ce5c2d36244dcfe279ba4bf2c768fec5d7	0	2	0	2	0
0a58cacfa75a89020195983ac8010a0c413bed5a	0	0	0	1	0
76da2618c5d3aa32929325e232500a64a443096b	0	0	0	1	0
27b86dae9e04d822f60d3bdab645ba5ec1242516	0	0	0	1	0
6dedb3c4290829ae135410327286439a5db76dd3	0	0	0	1	0
d8cfbf482861fc36e60eb23c6f3220a7ff7aee23	0	0	0	1	0
d0a5f5af3ea26cddac9381fc48151898f13ad7ea	0	0	0	1	0
38e45cefd8e6d41cd19c6ae823692bea24959cf6	0	0	0	1	0
01e84d7dc7985604a5c0f7520fed33a6fe697505	2	0	0	1	0
68b43e2f957b38cdfc875caa9da21e3e57de080c	1	0	0	3	0
b223d302536277ca98cd799311d8340d119367e5	0	0	0	2	0
620295c28bb59a3a686a70dfb2673f2a16ed3231	1	0	0	1	0
c100561971bcb39ba6c15cd5bd385bba65aa2d25	0	0	0	1	0
373705242e7269ed32c113d3f9c5d2946507a895	0	0	0	4	0
88ffdc0098c10999782844ad211fbda2d1c3332e	1	0	0	2	0
a98955a7408f38aebe4c2ce0c310977fced7215b	0	0	0	1	0
14256313513e15e9f0d9c409009a6daf322fdff8	9	0	0	2	1
2409ff55f27a08e4cd9c3187a1be56954c842e34	2	0	0	1	0
0421c4fa2db8a671ae62b0d568bf43ae6de31042	0	0	0	1	0
365916e21cfa436cd194f8b297c258dd692eafb7	0	0	0	1	0
0e633af71f7583adc97ff1fed9ea3396081ec8b0	0	0	0	1	23
6ee00591df7cd408fdd499f5fad2eef274f163b8	0	0	0	1	0
4d3bddc9edb4db4dc417ef6588e5e70012cc7a52	0	0	1	1	0
ec2374bbc6e3dd10cb58e25324984556d8107eb5	0	0	0	1	0
15e284a817229778f193db793a8a40093df15535	0	0	0	2	0
2bce9c821a51cc1343e9d8081c9f5f4963830970	0	0	0	1	0
20458b6533da8fcb45614cbe8242b91f66b3de0b	1	0	1	2	0
6fd4c93afab99fb7c312cd3814549bab98bebecf	0	0	0	1	0
1d98f7b7b7a008f23ff6f61f1cd7e49d6c043fcc	1	0	0	1	2
e185ef6f9ea2231950b3c2d3b61c2ba37332ebfe	0	0	0	1	0
544c00e8818603d80824a3c0a46bb631483d0170	1	0	0	2	0
1c44c88af07f1e4847af6dc6474383cd06d1f68c	1	3	3	2	0
9c1e07c33cab476dab45af165ef04d5e19e28c94	0	0	0	4	0
99752a847a18284156849e52a110e6df68f28984	1	0	0	1	0
0cbcde986c8d9dc4086686b3f14bfcd5430d3468	0	0	0	1	0
ad722181e9b4e7fcb824d733e40ca9595e00bcc7	0	0	0	1	0
731515196db5b3811e847ec0f13e1be25f59e964	0	0	0	1	0
1a12e69d412da13ef9ca302ccc34e7e51725ae41	1439	2368	0	2	1908
7ff8ccda7a0a71c56b653c80d585afe321ef1dd7	0	0	0	1	0
843f16e82fc418c7fb68c78f61d4e98482505c86	0	0	0	1	0
fea613dd6720b59edbb5e3374492649d4a907218	0	0	0	1	0
2f08e4bf47f257e227ac4f50a98289b721891ae3	0	0	0	1	0
4168c5187773480a6d84b13fd38eac3df8b3ac3f	0	0	0	2	0
86e3dd2ad75b4860e82dee3143e83d15b94d18ba	0	0	0	1	0
459fcd3ddfe01d2bae852a9a2422d15c530a5704	0	0	2	1	0
13658da970c289aeb218655c47c587737e4944d3	0	0	0	1	0
0aa343126a79dcaea4de6ae3961907c9525474ee	0	0	0	1	0
009f2953ebf09ee45057c286090f3b84617bf35e	0	0	0	1	0
1da33520a84a19d77e6a58d6400de402f725ca30	1	0	1	2	0
a735251d1a8335b96dce5d983f5d696cd9954a9e	0	0	0	1	0
1b298c0dadf45bb429cd04d3a258ea6a43aef777	0	0	2	1	0
b4039f5330d21e1b0c3b85b99d9dbc4ce47ada13	0	0	0	1	0
88f618a94a4b077844b0ba88831e71d1767b53e5	0	0	0	1	0
4fa8a2e59017379ab278c777835d26345707b132	0	0	0	1	0
230c40c1fa879c960d3570455d48e0a3d20984a2	0	0	0	1	0
0773a4153d5a98ea9013c7b4c1941311034a01b5	2	0	0	1	0
b476ce7cd4024702ca2bc856f87724040e974faf	0	0	0	1	0
c28b879887f488a4493a9665ecf46accd3633497	0	0	0	1	0
ae2da00ee4e3e061b661e6cbec7f9dd3098c352b	0	0	0	1	0
0a2b6dbc9087844caab3d5843aa9a7490c8587c5	1	0	0	1	38
2d777e3bfce1603254f3a2c2749bb902fe686e0d	0	0	0	1	0
6c1db7814310c8ed9778f061494783315fb937a6	0	0	0	1	0
5cf44d4ae399d6d4ecd0b6e089fe1bfeecce23b3	0	0	0	1	0
31030495c54d9771e4d23084d4622bede421896c	0	1	1	1	1
8759ffd3dcc643d0a26554814f0f5598e0540f8b	0	0	0	1	0
9963939af121a71d685a4ca880774b3385319e39	0	0	0	1	0
84f3cc2d532b1aa1973e5bc0ea466430307413da	0	0	7	1	1
19c50ee565b7a72a1c9badafeab46be2e188e831	0	0	0	1	0
e7a0b4b321e2feebfd00c00f208831c7a93b970d	0	2	1	1	0
676b6913fb4106f7615d51f7f72e7c4c3d160548	0	0	0	1	0
3ad2391d11d6ede6cf13d38c84866b3defa8a5f1	0	0	0	1	0
40be2366d79e4b0c357c72fb60210799d282493f	0	0	0	1	0
cf8b85eb7a46670501630364fa2c198f80545fa7	0	0	0	1	0
41119776ff9e4be1165dc4e508e154e19bed9b3b	0	0	0	1	0
7d0b0ffa36a9013cbefc51bc7f2cff68a492ec23	0	0	2	0	0
03a48192cc56d7018d823fcac89ef4dcf8db89c0	0	1	6	0	0
23f4d20200ad67af95b776e4039e9d88fe5223cf	0	3	13	0	0
c0d63aaa65f69af2a6640bb4b205a4e2176b3b43	0	0	1	0	0
d87130256d4159992a7f932b427182e7dd0dbcb1	0	0	1	0	0
195527a2ddfad07ab745e44ef3ed018b8899b8bd	0	1	2	0	1
11d2f173eb97755586d0d19f43d85b88a582f84a	0	4	17	0	3
6261ba0ee862fc5d0abbef6b64504f3ca14f3c57	0	0	1	0	0
552811db1ee345353a231ba6b697e469e6b84705	0	0	2	0	0
2624ef5d78e7c1d8548c5345ad44e8d5651e40e8	0	2	2	0	0
33fe13ec0f9dea2560c72c610dc73adbdf152a46	0	1	2	0	1
03c6ede8c1e42cf39b9adaee6b81b6100512d52a	0	2	21	0	50
06298a7e4d6fa357a859ec03c5cb51094afa7980	0	0	1	0	0
5b56d6e99686bfdf16f7b6d7d8f2d42f649ca2be	0	1	3	0	1
beda4a59fc75a795e0c9e3a61b74941d95e24d3e	0	0	1	0	0
2f16639fb00295a2eae8cc221d829f5cd5566780	0	5	43	0	2
f446b66784f059c51c8a81694a97f001856502c7	0	0	1	0	0
1eae72b0cda02a433bc38fc0e78d80f843f208e3	0	4	10	0	4
198540582426ff36798a78a6608bc35d8e3fc90a	0	4	8	0	4
0f365835e353d75e1d8657ddc9cfdbfc0175c05b	0	1	1	0	0
761341d818b01f5ba7dfdd25bd30bb8f0335aadd	0	0	1	0	2
719e758e329fdd46c452e0c9dfb50edd990ccd99	0	0	1	0	0
3de75e731ed4da04aa10ef2acb193b6e943a366b	0	2	1	0	0
d2dc0dcb5ce1b01dceff23ac7602f0cf945ae05d	0	0	1	0	0
3da29a93562f02fbb1f58bc4c53b6e3d0c484a6c	0	0	1	0	0
595c16d63a65eacc8ce6498c42b16f39fffe5d59	0	2	1	0	0
1c2c26d0839bc968f34d241cbd2a9948d327aa43	0	0	1	0	0
66de4d65530a6295019f25ccb4072de0f8e27853	0	0	1	0	0
ba9b121436bd7e0efc9ec2922f5ab7e3a8a511f2	0	0	1	0	0
00b8246eece10edcf965904d22c789bdfd9cd542	6	9	10	0	6
d7659435097405d6f9e03a52a1346c130e4118b5	0	0	1	0	0
65f30d82c913dfc9ab163149493ae6e8449330cc	0	0	1	0	0
388a8431d17495917265945d6efa1084eca22c4d	0	0	2	0	0
017c1a8a6658d4ec2df322e22a97a00bcfbf12ad	0	2	4	0	0
a063958dfcc2151ba151a255cbff891f3a5560e4	0	0	2	0	0
681af76cdbe49914ac590b4add34b36c6a5111cb	0	0	1	0	0
aea691901a89c5b3fca070970aafc83b7a9263af	0	0	1	0	0
eaec381ff4d0c44ec397e66750e00dbbc3b1b575	0	0	1	0	0
21496988f673ef73e833b03f0ec92a48bb5df88c	0	3	5	0	0
0098d2cc4f3c6dbcaa48345381162a93da462b6b	0	4	5	0	2
e4c28b25efab1f0135f31a78b3473529a5ae59cc	0	0	1	0	0
ba918f2a6392002b598d619d00bd5e910670d472	0	0	1	0	0
e9b010159cfb04ed701f9eb0bd378fd7fc9bce45	0	0	1	0	0
1c9c98df6f9d38e7c8e59eda7281d83a3a7cc049	0	1	6	0	2
1157cbf8ea7c568c8be8a9f984e7c9911ad617ab	0	1	4	0	2
1d665f0fb22bb3b76402680cca4c18359b135c43	0	0	1	0	0
6c29d2a14fa65d46410e39f7dd66e6bd6e764188	0	4	3	0	0
02ec6f382cce279207513a94be06cff7664ae037	0	1	7	0	0
28a084ce4632907a606de91e2501709289f4cf08	0	0	1	0	0
77f9c519305d5440b7e3ec8eb38ff8ac9de375f5	0	0	1	0	0
4a929bcbf48322ade48b8ca36f1673166a51dd79	0	0	1	0	0
8f2b22793c39f8a4666d415b7a3d3484a4d9382b	0	0	1	0	0
51d592e83d0e78d15e102c11e8903dacbdf296f7	0	0	1	0	2
7454c24e2516fcecda1d59ba857e0c3b552dbbd9	0	0	2	0	0
73a8dc0199d337e1f275ec36fc54dfc702e7ff76	0	0	1	0	0
3fa3e267ed1260a3000ae59d42cadd19b60b17f9	0	0	3	0	0
4c1cc66f24d7124a90839181004c62ae381e3e69	0	1	3	0	1
f0ccb6d9864f8b98330a416bea4ba990756813ae	0	0	1	0	0
b0fdc70b0b90412d650cb64b485412abc44f05de	0	1	2	0	0
dd1d73481db345d12169d88632b5b8996911f078	0	0	1	0	0
20cb1accd5bd4c4324b216175d5e314ad37fccaf	0	0	1	0	0
2fb2189bd702789057b1903e5153c06b498f5bbb	0	0	2	0	0
423b73806a1b88b3733d2e8dc3029797418b99a3	0	0	2	0	1
7d5d2649580fe69a1214bc0a149ab277a0615bfb	0	0	1	0	0
904281bcffc23c14119f6620a54579138afd74af	0	0	1	0	0
3842a99e3d41ea1ac11ca426cc06a7472b16b75b	0	0	3	0	1
b47014698813acad6bc269ae838f79137223d794	0	1	2	0	0
f6a2ee52a539c2c44bfed50f8afd871d985579fd	0	0	1	0	0
195b16cff45223dd27404ddab64989d61adf9717	0	0	4	0	1
8f6bac46fa23381ecb18d19b02f48e9f7f062f4a	0	0	2	0	0
459603dd14b3595e464534bb399e7bd8a49c5f66	0	0	2	0	0
777dc3d44d57c90db3e7b28aacc05caba108776c	0	0	1	0	0
491483dc4fa2aa79952095a8e636088610b8b18b	0	0	1	0	0
3669a7ae4b0393b837ba46ead39ad9124b2dabf9	0	0	1	0	0
da2ac7eb3b7c5ec4f54e8a7906e5721b5050bb07	0	0	1	0	0
e5aae6143123a6c0e5287ef8f970ee5378a2599f	0	0	1	0	0
2d52e5c37518368318e538a907ff10647fbf7daa	0	0	1	0	0
3cc0de1df8a8653bdcd6bdeec47a5e6df06012d2	0	0	2	0	0
bb14ca630ad138b44efeb058f5632f9cb5d73b76	0	0	1	0	0
e5c59bf5c57fac370ae2799c213fab3e049f17c4	0	0	1	0	0
25f938c4c56c46315579cf6fe47d0d0453eeb5ea	0	0	1	0	0
c1948bc23e58fb6ed92be8478d13c4dda5aec6d7	0	0	1	0	0
70b4bf00b80a045ee51ac78a72e3e7ccf42823c4	0	0	1	0	0
ad115be31c453edc2467dce6c1042301cb2bc1aa	0	0	1	0	0
4ec4413af14ae401242477f506268276ef6b05b9	0	1	3	0	1
ddd45e23d6e24783b7f590942e82d1d9b5fe895a	0	0	1	0	0
0277e5ff55d6115cc97e1c8c4559e94ed567eb6d	0	1	3	0	1
32cdcf03f2d8a7657267c5378df615d8f0ebe07b	0	1	1	0	0
7994fa4a89ffa813d7355b67352c938f72f791f0	0	0	1	0	0
79d36025380bd2a958c7967ff8c7d7b2b9fcde49	0	0	2	0	0
2923091058159d071adbe7b1663656f73666cf4d	0	0	1	0	0
49998020731f871d24255769ca3012963b16ffa7	0	0	1	0	0
b1d83471026961b6698be2e84c7ebd07f2294f9b	0	0	1	0	0
fd326492ccb12b8004bddf58a72f9c3235892417	0	0	1	0	0
e5fe14a40333357666b5d0136324f571dd63205e	0	0	1	0	0
e07c32d3bc576ad27eebc3e3dfcdefa66d3042f8	0	1	2	0	0
db7e2fa315796b5a5634bbf7acddbea9d9b60f8b	0	0	1	0	0
f6be595edaf691eb796a48cf5b0a652d3dcf0b1c	0	0	1	0	0
4ce67a7d4a50677a761a43f6bf2fefd55c42118a	0	0	1	0	0
274b21eba74f14747bc13aa35bb6ee10bb43954e	0	0	1	0	0
0503b4e5da1da1bf961a6484defb0009cab33a75	0	0	1	0	0
a8650e79a5d2577d9d4a6568f8b4de9312e85c99	0	0	1	0	0
623d42329bae023d63b182ac215ec4bd91841756	0	0	2	0	0
e0ff4919285fce0100df31a8ae479adc09288872	0	0	1	0	0
c3e03b8506037b2f719300918fe8a9365e1c359c	0	0	1	0	0
ffa743e3b2ed7ca558c3f720c9620510225514fe	0	0	1	0	0
e5e3e2926647f0f94abf7becf78fdc63cd24466f	0	2	1	0	0
129fd22a6cef061d40a2a97fc0b7b04eefd07d6e	0	0	2	0	2
64b1ab80d991eaf86668e3bb4e2c8b39c2804429	0	0	1	0	2
6ed43a4c82d13440cdd5563ef29d15a4e3d684fd	0	0	1	0	0
34a161b26464e6fcf72ae1c10305992296fd2e4f	0	0	1	0	0
17ffa4971b172d737ea1e157b7f9e78c55e4dceb	0	0	1	0	0
b157d4abc4e1948512cf8ff5db39d301152e701d	0	0	1	0	0
07dfb0f9e40f6bcae8baae8b62bd509685a90c4b	0	1	2	0	1
0d0b6693dd21a0f8079f10f25b97b4ebf8d47338	0	0	1	0	0
ab7d45effa206118aab0823573558539d5da23e3	0	0	1	0	0
3f603dd83ec280e973f4192221aa037177bd3813	0	0	1	0	0
bea2434f0a6c7573c17979fcee121b7e45b1faa9	0	0	1	0	0
a6bb80d99057799f3dd06773cdf90a1f21211493	0	0	1	0	0
abd356dece9e0ac903e450cd49c0ec6ca0b64389	0	0	1	0	0
40feff7389bba678df944173513b232e45821020	0	0	1	0	0
cf96cb109cda85f4b867af82344394cabc33eb37	0	0	1	0	0
4fa1cdf872255b209351e0c80f3ac60936e5ae73	0	0	1	0	0
c4a2f4615e4080e4c42720502dd5714b5473ff71	0	0	1	0	0
e411b3b136fc6133a933be28c73a40ec690c5bdf	0	0	1	0	0
16ae27793910a2a090daaa7fe6ba9a71bda499a9	0	1	2	0	0
fbd5238275d68c74a04ced99b960217723f840d2	0	0	1	0	0
5b2ed1f52c6ad348c0889f0d82083d383de1d5a8	0	0	1	0	0
dead52d2c2a01826c898e78612cbfb83416261f5	0	0	1	0	0
2f823eff1cd87b25fbc5fac9c575b59da9a6f51b	0	0	1	0	0
de9db6bb014c1cdce1153e2ce430e62e81e4d85e	0	0	1	0	1
4be0fe931ba43cd67419f20b953ef46e6874f024	0	0	1	0	0
b1939cbf3dfa5640b784bd369839a58d833fecf5	0	0	1	0	0
0c0e442f9e5e3122b535f7dd20b6011daad93c17	0	0	1	0	0
348d4240927c8dd53ec870ce20849aa0ae450208	0	0	1	0	0
326297cd7e383767dd653a68189779044c838422	0	0	1	0	0
42f30b8b0edaf2f7b80b5d6fe8d1278a3837f29c	0	0	2	0	0
71e82eb2b17be3c04cbd8ec04dc02e65cdf35d10	0	1	1	0	0
0749ff5ced315dda50bd41e6f5b5adaae3374849	0	0	1	0	0
5f7972071435b185a178e57d3ddb3af2e17fbb88	0	0	1	0	0
d14c5c5d36f8f53a0caee8167d50a365b3217600	0	0	1	0	0
f9a6a06727b13034ae00be100f8b3d0c991c91de	0	0	1	0	0
8867f3363aa788f3b97c63a9f12e89bb63e09743	0	0	1	0	0
c6d1d7ca7a4a3d139784a5b6418e9fa69c39901b	0	0	1	0	0
fd7654f704371b0e8622b9119ded3e793abe8934	0	0	1	0	0
bbfd9a8387de6fa4b6b708103ca7b182d7aed85c	0	1	1	0	0
ea117f8320d180623b5e04f2e0cbc492d1f1914f	0	0	1	0	0
001ee4b4886bab7525838d8388db522b3f6dd12c	0	1	2	0	0
3c6232b04df53b4d65d0cb0bed66698ff511dd84	0	1	1	0	1
ad89a228eea64b8ca348203979c02abf4fe2240c	0	0	1	0	0
853cf527ac85b651b39e1660bc4f963ccdcf10f9	0	0	1	0	0
2895e58de2e290ae227826990958ed44e6574c12	0	0	1	0	0
e16a46f0e3e559367631a5af67febbcd70bd8911	0	0	1	0	0
878e97c41131e9fcca3bc05c18bc9e22a2d97192	0	0	1	0	0
ceb2bffebb9184391fd4352ccb95b76dee500237	0	0	1	0	0
6f9dc45df863dca0ec7f2b7ef894ef71bf3ae5e9	0	0	1	0	0
bec8579572378b69a495683dc772d0a948eec32c	0	0	1	0	0
5e7de69805c3b0106c28f69d8f3c92181ad66cab	0	1	1	0	0
4b055f73e26181465a453d3ecff1110340c21873	0	0	1	0	0
9e26d9bf2466ea7909fbbc19efdb1d23f9ffbe05	0	0	1	0	0
62cc10a876027ee27a18818c783fef1ed450c55f	1	1	1	0	0
6b9c3eb7d67838ee9abf00459a24fc99626e8140	0	2	1	0	0
9afaf9c44f1bc48a3408069b273706dfe144199d	0	0	1	0	0
c28426b16c577883c0c2ec8f82c5189068161a18	0	0	1	0	0
2f45912201f9d3bef56dea960dd968765ea97887	0	0	1	0	0
98981f77327cd4c3a67b8a4769f38fc3eec11d86	0	0	1	0	0
340f22564f9c8afb936092238116b72f024bf407	0	0	1	0	0
7ae6432b5cd5708b62fd016875f2a7549a28f424	0	0	1	0	0
14fe0cbd52df98a89fdccaa7d995c168f619e3c5	0	0	1	0	0
ef688fb289700014db0eeee5de4c363fc23fa685	0	0	1	0	0
af1a29d0478af9db41cb1d81e92d773c61d621d7	0	0	1	0	0
7fbc56e48265b967ea8cd0a7da2c434f3b1b2a56	0	0	1	0	0
56c7cf44d15b34787849914331493bac787f1fef	0	0	1	0	2
819104bf6d0d823d9950c7659efc9779e667b8af	0	0	1	0	0
e258956279c7c1581a43e152fe5c1d268f0124e3	0	0	1	0	0
279f296caba9243ddefb62fb359e3926a4bbd28c	0	0	1	0	0
723e3b7d7afb6f6086b8a75eba289e14e9338e5a	0	0	1	0	0
e5629c816e9dc8f88f192db9af6e37344ebd395e	0	0	1	0	0
5c6c4776337d12605cf37567ad8af0c8209aad25	0	0	1	0	0
6a849365e00c8454585c37026fba8ac04b0c134a	0	0	1	0	0
29e1e8c18e574cbb0edeb9690e053ec03285880b	0	0	1	0	0
a5ba172becdda762e5f5e5a955e26e090e929df3	0	0	1	0	0
18f5093c40fbbf3a9ad5d0e334b1e32d73c41478	1	0	0	0	0
4a3022f97a81c5d1e1c62d9988b31972b4f09d79	1	0	0	0	0
2ce029ecd53ebce9768a3f7a15edccc26226baed	3	0	0	0	1
ca18cd1f1de39e3931774fb73bd9992f0b9da1b8	2	0	0	0	0
76b2784beab01c87f2dec07da831b6afc9e0f002	1	0	0	0	0
6756d2619fed7662f355b8bae543bc9a302ffa7f	1	0	0	0	0
ff9bb4ce1db5b0b04fb00ed3363752a9e6ba6dad	1	0	0	0	0
640f26b6a35692020fedd76c781861fb00445dd9	1	0	0	0	0
887da4274ec530f7f3606eba07b2237c3c981fec	1	0	0	0	0
d9327df3ef1545f9645427bd962e20074c0aac30	1	0	0	0	0
54f3b2ce81540fae2ceead5db1c55eb5948f522a	1	0	0	0	0
d40548a89b4e25c41c03edf3bbf5f38644176922	1	0	0	0	0
f492a4892aa018efb83efee04a7eedeecd3b40bc	1	0	0	0	0
74e2e04a09a1f522aef12ce7f555272359a8b7c7	1	0	0	0	0
8ded36c49a3409dec4b0b46da3ab44645a449b0e	1	0	0	0	0
d3f4fc638b6acef6c634a28142baee22e6dd251a	1	0	0	0	0
34d2b3c127fa6d1a620c18ecae4c85850ede194f	1	0	0	0	0
a59da8e94116f52604836d343438329e7fbc1dfe	1	0	0	0	0
bdcd029243639c3e95124ec7d36dc74669210dad	1	0	0	0	0
8aed6d79da82e76e74ba0730e9cd814920bd0c01	1	0	0	0	0
0ded74aaa3db141d31f3e21345abfee650c17f26	1	0	0	0	0
201f6c11a5584170523d45ea76f76a4844d278e1	7	12	0	0	15
e75440289e57ed6dc2814f75d555736205e03bdf	1	0	0	0	0
6156c4c6ad7e9572383afa45040574d5eb07affe	1	0	0	0	0
13779f024ec972095d4835f333b132942f6ca694	7	7	0	0	5
78134b074fe86e384a9f7d0f0e02f6c1cf566e25	1	0	0	0	0
b0f3b50e674f52cf928d0e2002ee4514fd2f6ea0	1	0	0	0	0
9c50b57ada8bb67f4e2693cc55bf351fa5010383	1	0	0	0	0
1ab13a48f67ab10a6742a64900b56f4488372ea2	1	0	0	0	0
28e2d70bc4f776bc87fcabb7842206f4d4f9b17a	1	0	0	0	0
aeff6980a8c0959acbbd77055d4b20ac75b79dd6	1	0	0	0	0
c98abbfc0cc28b7196fc486c52085e23bd97dbaf	1	0	0	0	0
67f29cfa25ba5a44042bda9ce5a22fc5f490bb26	1	0	0	0	0
ddede8f60afffd55035ebb8dea82e6654dafa4e5	1	0	0	0	0
363f8c9c8ee0ce7aa5089fed5b8a47861cd3455e	1	0	0	0	0
be34889347303b920f622bf537d8a77f2c403ee8	1	0	0	0	0
dcb28c293ac396ca75d5d852ee3a6fbdbbbac882	1	0	0	0	0
aa99f4afc63705f6aeaa3978cc61f4625344fd89	1	0	0	0	0
75e75e3fb8a091e843b43baf70d0e9360740361c	1	0	0	0	0
c6b1be4fe6211c4f6fd8c21e63e8243ef3a37896	1	0	0	0	0
3b2e919021afdcf3c919133a553b41bc0c2a907d	1	0	0	0	0
8d48811a0774a96b421092ca7fff91d3aab0e74a	1	0	0	0	0
d4001e0f13317354ea05c31f695afca9aeeb5364	1	0	0	0	0
9fe270abf52d6e9271a9f0e812ea8aec38d88424	1	0	0	0	0
907faabcd8d515e1515acb05310d11a4c2d9e0ad	1	0	0	0	0
96c87e12f92401a4eec2899da6c792a1f159ee7a	1	0	0	0	0
1c888b1c2bd15cc1c22c2f6500be496de50174ad	1	0	0	0	0
29e5da395a83179f51888a640bac0e1e1be0f421	1	0	0	0	0
7a64aad8a3ad20ea0ca08271524118728345d30e	1	0	0	0	1
c87724d21226b23a15f216114d91bb74c2c5ebb1	2	0	0	0	0
dbd3ca30c983b054614a9bb30dd0bd495de98b21	1	0	0	0	0
596bf5249f6dedfe8aad7fd4d8897b77e41b12a3	1	0	0	0	0
ba1cf228e76a2ffe6434a9655474f7f5ef96772e	1	0	0	0	0
1139fbb09b0098df1684da08eccac55ca1477aa9	5	0	0	0	2
8a7f2e963342a6c9450506fb52f8ac9bcae6fd33	1	0	0	0	0
822d011288ca4f63ed47713b8e2622a60bee2e76	1	0	0	0	0
9f8ff7788ce9cadfbd70a5c7cf1742e84cff92fb	1	0	0	0	0
8b493cf00b9c8632db49c298eda4d4d7ff392d79	1	0	0	0	0
b984b1a2f720a2569516bc5d6b590d382ce8b1c4	1	0	0	0	0
c086465fe08a8b4712ee91c2d9bed6eaa1ef466a	1	0	0	0	0
b69ec0c941f621939bf8af340eb4a3c830b28ff1	1	0	0	0	0
3ba4f00e840dd58946b1c814af3309a1865826dd	1	0	0	0	0
7cbf4e2fa073544b6336138bf363378b7ff421eb	1	0	0	0	0
f961493f3700832ae95932d90ad9787a354781bb	1	0	0	0	0
0ac75cb108f697cb7dccd0022f25c5f3083cd404	2	0	0	0	0
1b672dd0912678062e9cd51a4ed1c723ddc5e72a	1	0	0	0	0
346229800db51d83438a9d25525a5fc69dd2be29	2	4	0	0	3
e9bba77c6f5a0cefe38af0993fa64d3f2dcbf5de	1	0	0	0	0
fb3f653ae2532cceaef68b7f7524ed2590044b8a	1	0	0	0	0
37258c10a1f9db49f00213d9c7c5813c10af171a	1	2	0	0	1
9d1026266dbd240193a8b11d63c2ce1ee37ad8c4	4	10	0	0	10
314836625e885da32a8d60c76c190873c461aa7c	1	0	0	0	1
0e9bb005c108d0b937e62e82f9e36b0b414ceb88	1	0	0	0	1
f460e07f8452a45ac80570b38850dce803b7a2ba	1	0	0	0	0
f36e09dbb8c62958d945de4c618127a0b78245c2	1	0	0	0	0
2f6f847751c1b183ca0804c500b8b7551f417abb	1	0	0	0	1
432972d7e2615a71182ffff7394a58bd77ba4bdf	1	0	0	0	0
268cf40b45b88d03f4a22dddf6ca9903a411cf71	1	1	0	0	1
9f6029c6f7d8265fbcb248b61f1e1480301e4e6e	1	0	0	0	0
dfabfa57fc34c157cb689c0bd4437671c7106d93	1	0	0	0	0
b21889366b7c74490e7bce39c50436bdc618862b	1	0	0	0	0
21747527be4dd604a80aed1818c87deae252a49a	1	0	0	0	0
52920ff05453ae0c0bf86826956c69051f1aeca0	1	0	0	0	0
d59624c4113daa149db4e2e5be248dd4a7377247	1	0	0	0	0
113be78282b9debb07b8bd765193162d306d8212	1	0	0	0	0
c2ce90e267f839df409f7cc258fe34e880338771	1	0	0	0	0
d61098fe6a5599e38600237c6513d0645bd7d3f5	2	0	0	0	0
7401ac45843e6eafc9d36c8474069837b57064f1	1	1	0	0	2
93105d8d12904e99363f8d38e21baf18bf7e04dc	1	0	0	0	0
a7f45617408af6b6d5646e2e42240889faf2772b	1	0	0	0	0
7daad2e394a3b332f9f52acfe0f59f5216a1ca5e	1	0	0	0	0
a3bf90c7a8f170b756b1c3ff9a9014ad3f29d971	1	0	0	0	0
357d3deedc3c3f5d762775914dd94cc40a367411	1	1	0	0	0
239d1eeb2c01ba49fec0a82669c005ac2d2f9832	1	0	0	0	0
1d323a0740fc77a8280ceb026f706d900059ad1f	1	0	0	0	0
7f51afee380083ce321ffbe9e8c01cf991ecdd0c	1	0	0	0	0
9df00163285a687dfb456ccc47c5c6249ab9c3c5	1	0	0	0	0
cf612c4392f584df5b303cbca13b485a2b10ba2c	1	0	0	0	0
e87c3fdf0d496d48277536bf9a6729025acb6daf	1	0	0	0	0
7ae4e49d460d12d16ac99586e093c74dba6a3d43	1	0	0	0	0
4509d2377fe36fe2f1260b9c769c5ca111c40d8b	1	0	0	0	0
7926b7cd5cda88bdbe8bc9b5f257a209e6eb04af	1	0	0	0	0
5e8b537d208fe71b3251cb2d56f14fe7e11c4f77	1	0	0	0	0
2139056b3f3e60201253afe38f83bac42ee51f22	1	0	0	0	0
d6d0e9998307ea017f68a6fda0256a904eba3107	1	0	0	0	0
79e0448d970d449d408fa50040d99230d4bb03ef	1	0	0	0	0
639cbd1cb40d31318bcbce82c5d10962a08fc71e	1	0	0	0	0
31a03d06ed346cb8bc33f49a1bcc36837da3ee30	1	0	0	0	0
3316637cd12b7ae33e34e6bf3e6e00a5acddaf6c	1	0	0	0	0
474d60deef014bcdeaad497f114bc4d59ef21734	1	0	0	0	0
10aeefc66217049403a0f2532ad34ff35bc0a832	2	0	0	0	0
7de5d463d4d4a112b9673d05d7df4d01611a6055	1	0	0	0	0
24606baa8ab7d6aa96a54c53daefc9521a088654	1	0	0	0	0
df0b2627350f5b2d0fdd6bc476574fd43201631d	1	0	0	0	0
7fa7d7b0994ec9bd1a229b7054754a75f35565fa	1	0	0	0	0
b481c065e880ae9d1a58f483be215a62347bd88c	1	0	0	0	0
d40c5965ca57315435164335a2f2ae19e8552967	1	0	0	0	0
824057408e6ac1b74d2e7f85da31deee0704b56f	1	1	0	0	1
88bdd2d6ac7142310b87278a8bc4e1c08379d429	1	0	0	0	0
e29cd7064f4d7423e89673f117fa029e96477824	1	0	0	0	0
3df29fa04c21c0f77b3f57b04e6816a0d89e8228	1	0	0	0	0
c226fde93c50aa00faf88c5240df8623f70e0921	1	0	0	0	0
d7bb106040d6d92b2a863f61882ee112e1b09f01	1	0	0	0	0
65ad4e800ac25901823b25fda6e071f901081559	1	0	0	0	0
9b5713d7217c184fd7f774ed5bffe50418881876	1	0	0	0	0
e8aa8f5768ff241975aa7daafd1b7b38d4ee7d34	1	0	0	0	0
6a7f7f1dae6d2544614d4d05d9a39aa0aaea68cd	1	0	0	0	0
d98f3e035995e04dbe1d7f27c29f7685d96f6d0e	1	0	0	0	0
1f5b59836bdd83c88610994f9be9f64e21b11b26	1	0	0	0	0
833e1c2fdc020321090b982e6361242233daec2a	1	0	0	0	0
37147dda00efe75796458328b49b9f9ddafc3fd6	1	0	0	0	0
9f8a7faf7faf3df1610fcc6adf88a9f9564988c2	1	0	0	0	0
0db3695202fe223883761c48e925d5048bc290d4	1	0	0	0	0
8f31e79efffbd915400489f6502a4bfe3aca0a44	1	0	0	0	0
372dfc5aeffe1ea0ec55ba5632a2facc08e16958	1	0	0	0	0
1d4994fb4c6cfb3387c599bb516c1f27f803b16d	1	2	0	0	3
a38f2962c93ed57e858b5c20a5c26802801618ef	1	0	0	0	0
5602a96cb4fb2b7b8dd484577a00d4e32861e60e	1	0	0	0	0
b269ef03f84b82ca5a2062c7251e895560121cd6	1	0	0	0	0
e732d4ff89cf30b9271cbe4707e15bf37186971f	1	0	0	0	0
0e7acf904426f11c80e92e3d6264f9aabecce0b6	1	0	0	0	0
ff23d1b4df46c131aff893e75bf2e3cb9c0b3a04	1	0	0	0	0
b2afbfb9871b496ed77e2a097216286215d9ac0a	1	0	0	0	0
c175c418a487a15749a99a283d25182111f1a06e	0	1	0	0	0
02b2bb8f6314b9f742719de4b0e6caa29cd4de68	0	78	0	0	0
1a02a0c5bbf0d9c945fe8928d6b71fb9e5cf80ff	0	1	0	0	0
0186a3298fc77c47dda408230b706460b98ab24f	0	40	0	0	0
20b9d125094bdd7de23388912b385083bb539ea1	0	1	0	0	0
2a9df39df06651f0075a170b71b8298b2bd22a9e	0	1	0	0	0
5419632eade6ff4e09137b4ebe4b1c5017f3885d	0	1	0	0	0
b23655ae87e1fe78b646a67cb87cb947a81a719e	0	1	0	0	0
49981e1080d5caaa3821911ac51a4e5582748eb7	0	29	0	0	0
e55053a4985aee98a7d71862bba4eb610bdcb527	0	1	0	0	0
a272ec914445df5774d86e537c91d983133e773a	0	1	0	0	0
09f2e58b630f2f643e43dc326aa8dedd0d0019ce	0	33	0	0	0
34ab83b8cd1c3340f466c37fd530b9c268f2a7c0	0	2	0	0	0
d49c5d916a32db42ab896164795f38b44854fea8	0	1	0	0	0
8a77cea3e4079dba8b680a7ff70170d33720e706	0	1	0	0	0
43a55bd5c2086a5381f65c190b988be381c5ce95	0	1	0	0	0
66b67a3a59d59e94836a3de728dde24642391886	0	1	0	0	0
a619091699d21bc8faf920f2b53630eef59d844d	0	1	0	0	0
52a9d9834862ef1cc2083072adcfa7c9497e0b2f	0	1	0	0	0
e5698f3dbad79b91bf9e752f8f234e06d823cd52	0	1	0	0	0
dd92e9e02e996435991fcdc3cd0527ab3992cf34	0	1	0	0	0
7118eba70859e8e8be3fa5954cb5ad97dc238c87	0	2	0	0	1
040a8636a988fc60554e113b3a880c5629c02434	0	2	0	0	0
27d508464d296829edcda9243f6516e4fe92c4aa	0	1	0	0	0
4766f93e57080063f0bc8707b6936474b1f4b55e	0	1	0	0	3
8807f83ae4003cd7e57c0e66ea1230ab4af5e091	0	1	0	0	0
cb69eef7940d6de9546f5dc69b11ff1356dd2ee4	0	1	0	0	0
dd66ecbeeefabdedef1415d24beda94c26a177f2	0	3	0	0	0
5f142e83b29cbe8a3c505595fd185d9e222f0f5e	0	1	0	0	0
9216702acf9ea3577647c9c51c8684a84b3f5190	0	1	0	0	0
118144d8ee267e0ddb8ba829e3b52749c07582c6	0	15	0	0	0
a64b496cbb71224ee5dae5544db9d33127e3380d	0	1	0	0	0
324e8beecda8779dac14f3ccb02f6fef3890b3dd	0	15	0	0	0
508e2ac719eae5d7cbb49b1908f8a8aa54cee101	0	1	0	0	0
dab66b7547f46023fb8e7affe48a571dee40beca	0	1	0	0	0
38d1f03be206253914cbddd1626c35eed29954b8	0	4	0	0	0
d5858535f79a549e1cacc560688ae5d9d4cee367	0	1	0	0	0
19215fac31056989526898a81ceee61ecf4641dd	0	1	0	0	0
773b2b0d86a51458d1bf072b8c1e026dd4483627	0	1	0	0	0
88c344e63e0a59a403a70d23c0caacaba7c04adb	0	1	0	0	0
4d008543aa18ae9e827b8bb7ada98c70d3e16935	0	3	0	0	0
af0ae850ae5c21da5433cb3f2e2b50d79c8c64b4	0	1	0	0	0
116a0d692119109eb7c5f49db938058950cc3fa5	0	1	0	0	0
5d294059475d15f4adaeb027c0ef684cc9cb7477	0	1	0	0	0
c80d731d86a8bcbafade64fd566bb84cc439c891	0	1	0	0	0
0ac5a3e80bad7cd0d09fd4ebe229a858454cc429	0	1	0	0	0
dd8f57ab2ec1007195cead5603ae114da3699bb7	0	1	0	0	0
9203264d0debc098b130df810f146f5cb954085b	0	1	0	0	0
3200097404ce5765794491f8b49eb67e78d48797	0	1	0	0	0
edc8ab34ba4b9cb6b5af98d8cb4c31727b2db90b	0	1	0	0	0
ca4fe729c7c35c9a89432c18d4d8872f1820bc43	0	1	0	0	0
6854e5952d2697ea5828146e227d07b5fe148f67	0	1	0	0	0
d5d8ba019615bd2e2292f4daeac63bf23d6f8199	0	1	0	0	0
71e4d21118ce9a282c6b787afc42186e5f4b75b3	0	1	0	0	1
4316d47571507c6a28ef4c2ea948e4b6493dc788	0	1	0	0	0
461b90be8a78db05968c94f0d301be71fabe70ae	0	1	0	0	0
fc9e9a68d969093b081f31ecb18bc152562a1c6f	0	1	0	0	0
d8d451249bf3dbc52c0e6c2dca54fcf55b2cff91	0	1	0	0	0
3ae78860305f7545a5fcd430cb8ee5608bbbb29a	0	1	0	0	0
f7ebbcaa072c583b4f645ca9f73848272f2c651f	0	1	0	0	0
177d6764197c6920d9f3cb6b0be621ca819ae111	0	24	0	0	0
e9db4b5dc98b0712c63cb44a3c76a2b5fa58c619	0	1	0	0	0
909d3822e65c372257525f5d7f6c08a873513fc9	0	1	0	0	0
fb66185e5fc4d9b4f2b421a5034aeefd588f2aca	0	1	0	0	0
e246a9fd599bc63c087d5b853dd11987f48f07e2	0	1	0	0	0
e1c525f364a214b70f7f6f68beb491c0be646af7	0	1	0	0	0
a2acd8cd34557c642e4b2c93c63898c2a69881e1	0	1	0	0	0
9adc359a465efd83f1a04a0fe8d8859d293cda43	0	1	0	0	0
7be7a785a7f3853934f2b7feb938100958e62ad1	0	1	0	0	0
57d91a3f8e1ba38e4c547685530304a39d15c82f	0	1	0	0	0
cfb379f623e6e65937843f5f2ca994da851cdd05	0	1	0	0	0
bf4d18b6b98b6e9c419c39d704ab06cebb705209	0	1	0	0	0
be29a3cf887c0208df477fc8a86bda37c488b29b	0	1	0	0	0
edb3a60316afe036a4ddedd7bb830a322cb9420f	0	1	0	0	0
de0b4fd5fd177b696b446fe52a0944d78615e5c8	0	1	0	0	0
749eaa6cbde0d6a8f81bb9bb54d43ca0c6876705	0	1	0	0	0
5f55a80bc51f9395a35bd72db9bff4ef731416da	0	1	0	0	0
1f7762147467e7d460a6f73b921d81fe47809ce3	0	1	0	0	0
08f4d4a6d6857b27f0c01a5e1dff985b5d46cf39	0	1	0	0	0
5c8048f6e373873b8ab07395c63963ae7d28a9ea	0	1	0	0	0
69397ffb7466db61fe21400ee47a86cd0fb23d1e	0	1	0	0	0
85bd85f0f0a39c08484f01aef5c29863d03fef8e	0	1	0	0	0
145cd68a1961f9172ca8424bb6361a934060da27	0	1	0	0	0
643e415bf1af2f3e95094b52ecdf36b1b63b8fdc	0	1	0	0	0
54484bc549fd71676291f414d544fd9d50031bd2	0	1	0	0	0
834e650921469c91443cf37f7141cf101c961143	0	1	0	0	0
87b8e12a1b30debf85ba1a28b3eca9cc9de16f7b	0	1	0	0	0
21ba4432a0c473ac5ee5366a2b70153160ddb72a	0	2	0	0	0
574ee37f419cb35e143a1f7797e9029aac54973d	0	1	0	0	0
f6e9a4104c1bd5fe4b621da8b15a1c5e788c326c	0	1	0	0	0
2043d27b23bf5930004b38a8ddc5b5c673e899b9	0	1	0	0	0
26dd0522b836cad64ec2c8ab8ff00c85ea4252da	0	1	0	0	0
658a033cc9fa160182e9af54d3109db35da06aba	0	1	0	0	0
fa23d7fff179196f38b736b9a523dc8bf8432ad0	0	1	0	0	0
ad338105b8d0cf5614e54e5db48ad3020f99f8d0	0	1	0	0	0
cc31dbee53d4b3bcc8716a90af366a5178220424	0	1	0	0	0
5aae093e1b1c19446c21e9bee8419e2513aca990	0	1	0	0	0
8f7a90399e56aeb68ccbbe98de0d21275bec0fe3	0	1	0	0	0
b2dbe102fe72b3e6077b5b303d2e997fc6be41fd	0	1	0	0	0
fa98015e89fad70769c22abffb11cd26c35373c3	0	1	0	0	0
28b003b9abd0b6ca4d3cd20737e4a646737422c7	0	1	0	0	0
b7152850822d8a5977e4faa926c7fe8a97ff2c4c	0	1	0	0	0
239e70ce41217c39b0a24ec1e490fb0817d5a38b	0	1	0	0	0
c4a41c6598c1be48a157615518bc18c4601ee6e5	0	1	0	0	0
df0406e324e0571e5dae85e5c1999a3c24d7d8ef	0	1	0	0	0
d95cd6fd58b0149faef0b642b4bd695d655291c2	0	1	0	0	0
6621cb64870d18342494b8d5420b16ca99fca856	0	1	0	0	0
9ea6921c31a305e95f616d6417cca35b8bae697e	0	1	0	0	0
57f0fafc1b45637d796d488eb7abeb80eb9a6bd2	0	6	0	0	1
d554a54fbe7d77520545dd604a722e62b7f5ac75	0	1	0	0	0
48c52119b80b1f8d41e9868155a02bb2d32cfb3b	0	1	0	0	0
6b38bbbd32cf5176c916addc75ff01820fe95969	0	1	0	0	0
521e3c80489a7a5f986522ba4c3cbbd53b0e03a9	0	2	0	0	1
fbd5cf2a150dc8d3f4d95c0f161534e8c2119bb6	0	1	0	0	0
cb2c2adbfd08738f8720a31588c40c311843488f	0	1	0	0	0
b20463ef031f0bba41964adbf5af6e76919b19bc	0	1	0	0	0
62be9be1967dd406e03cd821e6ec581e034db17d	0	1	0	0	0
88553deda408997237cf957eb78271df1a504bac	0	1	0	0	0
ffae63592298dd66eec377e5cadcde6d40fa5184	0	1	0	0	0
ad3b20415dfd5dccc857837f3dd27d4fb1dfe1ef	0	1	0	0	0
ad9be2ee934aefacb8935f879a13ebce1bc44c85	0	1	0	0	0
7631da7e98fb01d7cffc306a0167d2c1113fcd1f	0	1	0	0	0
4fca880148c7d0b05b5712f8c2fc1798bbb54fcf	0	1	0	0	0
dbdf78a83e53205fe87b9a02e34bd59fd4f9bc9a	0	1	0	0	0
687f633251a9937095d30175843709dd00a5ef63	0	1	0	0	0
1e5042f8c39b057e9ff8656b1ca220b180bdc617	0	2	0	0	0
2116746b004157dfa7dba518115f99db2da6ac77	0	1	0	0	0
a19fbbfc2e34259ab98f17484e0b62614cff6e71	0	1	0	0	0
d13325d53b509bbfbbea9a7b980f5f73e78605a7	0	1	0	0	0
8486cf47c5bf3276a25b72c698b07e5e25787f1c	0	2	0	0	0
d9223f7141e7aab4b6f5044f489e4aea94fc5ae1	0	1	0	0	0
07b2e2a4e0d76940df87d13f6b1dbdc8eea7872d	0	1	0	0	0
3409b5bac7616a95f65433ffa38a9f74f0524a69	0	1	0	0	0
e6facc7f9fa394ebce1f56b4d61a5ebb1d22887b	0	1	0	0	0
559431265b6413417e3c3f8e3d85b7a0d68edb5d	0	1	0	0	0
5d25f0e4651caadbe28bfef6b494d3a6cd09ad3d	0	1	0	0	0
27b7990b552bc368cb51969ff2b5e33ef99cc335	0	1	0	0	0
e3e8156c24b66ee045cffd82b903597611810060	0	1	0	0	0
28fa08efe76d64cd9ec51b71baab90a0472f3f61	0	1	0	0	0
6f5e7c9193feccefc044f08c53da221f497ae980	0	1	0	0	1
d9f51525788775b1b567099dd0608756f7f92b6d	0	1	0	0	0
874aae8d24a84c013cd94e4bcbc5e9bf09dde16e	0	1	0	0	0
39e18879ba6e967341b27292d3a97f933012380d	0	1	0	0	0
c7bf7304f810684f8f848bdf65b7cc330b3a47a5	0	1	0	0	0
1c689a35e452e276c2fc0273efd75f7a8318da57	0	2	0	0	0
40821c06044ce9778920dac127275cf7b2661bbb	0	1	0	0	0
61af830142915d7a0140f6d343a0d089a5f6f06d	0	1	0	0	0
2f58345911399447717f82791737bef83ba2d525	0	1	0	0	0
1207655823bc8dbd72a6a7b602692b868e64baa0	0	1	0	0	0
dddc7b45f683f473a0c1c6817c5de983557b444b	0	1	0	0	0
d4a27151975f4b766a785362e0e9de5bbb4489e5	0	1	0	0	0
61dfa65c019ab697882bd5816842de6b8d84f9f1	0	1	0	0	0
82efb5692dcf53d50899aaaa6259696be9d74d8a	0	1	0	0	0
9ac4d1c4b16583cedd23c4b891bb10ed647d913c	0	1	0	0	0
d57272647e22a0dea270d2092f2e513e38626913	0	1	0	0	0
8c4a86c49f33b6ec38d914ff60227a41a68d2df3	0	1	0	0	0
1d1b6e2c3ca8cfff68278be6cb9b4c98fb9fd4a3	0	1	0	0	0
9610dd20a8f66f0d95431dd88a87c41c2f7c7f36	0	1	0	0	0
091a4b41637e60a877fdf564427a490efdb1215b	0	1	0	0	0
254c9aa6440dd6bf2f6c45b50030cab678c566eb	0	1	0	0	0
7e7c48cd1ad9c305798b8646274c81fb3367908d	0	1	0	0	0
37b007c56051a3b5cb3498df69b99d42b68d6888	0	1	0	0	0
1945f8507068a054c3a64c890bbde9c91cce4fcf	0	1	0	0	0
fbadb988c40b26606346673ace53bb89991896d3	0	1	0	0	0
974114bcfef50ee8d78da32abb7cba2adddaa42b	0	1	0	0	0
2262fe676e69dbefa03d3c6315c6b94812febea3	0	1	0	0	0
0abbe7a6e524b4c356728148b205915f2158216f	0	1	0	0	0
2c7cd8a41adcf908f2d2087339237a32e7d04444	0	1	0	0	0
d1885aabedeba01ee517d15d8cd3aee6ee66ed31	0	1	0	0	0
08b543d5318875b8da0afbbe00c60567fd297acc	0	1	0	0	0
00aab4230fb32e2927509f6751757277ae015769	0	1	0	0	0
cf2489e526ca9bb8cfd58664aacd07d9800663bd	0	1	0	0	0
b655d594b03a838027c46adbd1096cc0324ffc80	0	1	0	0	0
592240f3516fff1c6da1a88eda08c3ad05bca669	0	1	0	0	0
5aae8de79cd1f118cf42cf6bfa98021dce3bdbbf	0	1	0	0	0
35eee100536d0fbb8c6573f19a3f48b5780b941a	0	2	0	0	0
d3d5ea41c90ec31c17c416ef3b63193301c950e0	0	1	0	0	0
2a670941fd5a5fe7f8ca3ef147171d55a8c54475	0	1	0	0	0
8d2d6922f1883d6badcb424df16b2adb287f4ae6	0	1	0	0	0
306d463b6dbcf5b6f413c3290c989301355b59b1	0	1	0	0	0
6f47890e7f167f46030bf154fcda6a04b95aa97f	0	1	0	0	0
cb80011b60a42ceaf05c1b8beab553af9308d153	0	1	0	0	0
76aff8caa9866fddf01515790165e19b48535423	0	1	0	0	0
4a4614e20017273199cc383a93541aad0aa7a769	0	1	0	0	0
f2c05317ff88d84d9265f6cbb2c780a23f789e3d	0	1	0	0	0
32f8b25b51737951c9ca2e7e566d98d08f772ec0	0	2	0	0	0
8c50c4302c39e69f872b47bb67c7f1287d4f66c2	0	1	0	0	0
37cf82d6ad7d69d58b33d6f642a49d1854bcab69	0	1	0	0	0
a45bd86fa61b215a15be539389c0c98a0fc8a177	0	1	0	0	0
4a4c7933cbffc8de6bfc8a8927f07f477c1aef2f	0	1	0	0	0
f58d6ea36fea8bbf7d480a55d523c9027ace2a8c	0	1	0	0	0
150f1c57a1c7b35579553c64d6cf663657522162	0	1	0	0	0
507895e7093eed3e74dea744f6ca47a48db02700	0	1	0	0	0
1a3d59926efd5e0f570c5832ec8783ece2968c90	0	1	0	0	0
1f8317646cb514a2f476ab70b2a477601b25b489	0	1	0	0	0
b8f061a91cb524aa7f9b89772e4e9bbef27b1718	0	1	0	0	0
6a2be6bfddc237922fe4c45f157801a2c4acb38b	0	1	0	0	0
b7074b91c7116d9aaf14e67fadf215a4873d644a	0	1	0	0	0
3b7b6f8075b6547f7352294098ad70fd74a3349d	0	1	0	0	0
64409814e55316a02a279476c6a9115402e03607	0	1	0	0	0
124d853658fb55a81b92748f730ee177eda89b81	0	1	0	0	0
91f6ae17f7757b016b52b15fd9838edc6282d154	0	1	0	0	0
d2cfff3dd12180761f54c789f18cf05b5dad6fb0	0	1	0	0	0
512baff70a8db5aceb60e60ac971de01c4fda405	0	1	0	0	0
141c3b102a7f7c4b70c32b6ee798cd74325c06f9	0	1	0	0	0
6106a1be683bcacb2128d51104361e4cb1079348	0	1	0	0	0
b8068ea2b94bd7d5f09b5669803e02db612c2213	0	1	0	0	0
69a76e0f6f28c2dbd2762f12d557df9d7d7987ce	0	1	0	0	0
ffa191e6b22859d705e5f3865ad5de35a936f854	0	1	0	0	0
e56324bc8ed827b7903c72adf631f3e17e303e13	0	1	0	0	0
0c46e35815d015bd6b7cee77581b3f7a19b1b97e	0	1	0	0	0
07afd54e021c12f7a3c62ff905dc280359f2f095	0	1	0	0	0
739c8e6a0dcce5dcff0c8b19bc3070f5ef7359e9	0	1	0	0	0
31a9492a0d98207ba1a970b25dc55f62fe77fa0e	0	1	0	0	0
34ed7fd055b7beee047f3140c50375e6f61b1ea0	0	1	0	0	0
429c4f88b0640182aa612aacceefa4780fe8dc94	0	1	0	0	0
6dd89922c2d79ae2eed26cc6a965e30413360f40	0	1	0	0	0
c3c96df371d962b3f3262391796e5098f6e727cc	0	1	0	0	0
ab596450821c9cfec2dffb134308cc64d513dc90	0	1	0	0	0
d8181f3daecdb510a6e71f7777520037a6e6e949	0	1	0	0	0
4808ba3d06dd8cb612747fe8ac914420fef82aaf	0	1	0	0	0
92f07dcab95e1c982db8da768e11d0d1991beecb	0	1	0	0	0
7dad262b03177d34adbd3bb04db40019517be8f9	0	1	0	0	0
832e8356bfc005368d3943f2910045ec2e8032c2	0	1	0	0	0
22ee7ba1c3ff0167e48ea3d826eff596504b57cd	0	1	0	0	0
c33408b20337458c4db2eda91bc4a5fcd01d80a5	0	1	0	0	0
dfd976880c708f5831abb8f46785c8f2f644a8df	0	1	0	0	0
38b55eec4b44d18f3e8a920efa28cf5b7140ca48	0	1	0	0	0
0737fe69e2b3c297ca998552f0373ee2ebfa9d66	0	1	0	0	0
8f9b6532f7da958a4b735b2fd07797f3ed876204	0	1	0	0	0
1ceede45d40643d9f8d313b5d4374da6943fce13	0	1	0	0	0
af1c205d394f84195c92ad2c57974ffaa5e54634	0	1	0	0	0
8998c32a57bd40e2b822378697fd640695279d90	0	1	0	0	0
2c5e8ef952cb5e85a2a7e2cd68ade33cdee17c3d	0	1	0	0	0
e6be0e14415904b11dc8c62cccc28d9b63695c39	0	1	0	0	0
0739c833adab81aec71b255bb544c3933fa80b35	0	1	0	0	0
2631de8d666ca8bb0bc30d0faf0f2bcba1d31cd2	0	2	0	0	0
b1a377fb72e18d536a37d35ef13cf5df378b1c6b	0	1	0	0	0
fd43e527a17e8320786eea14de8971d0b42cae81	0	1	0	0	0
5018ab28388dfb88422f86aa8d703ad138748151	0	1	0	0	0
8dc1f85ca5b38d955928e73ffe0fadaa51fe23dd	0	1	0	0	0
64430c0e43de6dcb4b2e2373b9549cfd0039eda7	0	1	0	0	0
dea77f7647a27b91dc9f3308175dea607e298752	0	1	0	0	0
19c66722a7205d1302f76dc5114bddb520062e7d	0	1	0	0	0
c201380ddbbe1b74aac345748abb09c5982728ab	0	1	0	0	0
fa8dc8d255b3e2059748e74f18f0e05750e85655	0	1	0	0	0
db40a956de8f1ca038022635b05177e0f6f17a29	0	1	0	0	0
1d9616e8faa843331f8798eb1feed23f42675f8a	0	1	0	0	0
a15bbdf68554eadbf999b208de9446fe6476d110	0	1	0	0	0
ccb19f6723e35ba90e4adef47324bf052fc74c5f	0	1	0	0	0
4ef3489bd7636aa1414c0b9a23fc8c257a0f95f9	0	1	0	0	0
00ef4f48c8d4fadf27c53079d729bdd109e3a07e	0	1	0	0	0
56fedbd37e7712910ef21c66649c359efbd60b67	0	1	0	0	1
cd8c2848716b939763e3e1fe4fac26c06918f303	0	1	0	0	0
1b44420fdc36d8a1f35a7824b894b75ab725aaca	0	1	0	0	0
500f9076362332511ce07999dbd9ec1295b38f2a	0	1	0	0	0
663939d516e543f0ce56f7b95a8161c1382e85e6	0	1	0	0	0
58311013f54714013e316d2b268ad990e4849af0	0	1	0	0	0
f361a90b024cafc74b79e42da086e452550c5ce8	0	1	0	0	0
011b7c0e4963cdbdde2b346977fc715cda025c96	0	2	0	0	0
a868da539f66735c2a09dbbf311f0e3c7247e748	0	1	0	0	0
e98f7e2ac54463f25374ec229121d1dbaa1cbf28	0	1	0	0	0
7e32e9e1f8d3cfc855bc5c6a171598d68b855be0	0	1	0	0	0
5bb664e0b271505ba0b29eddf5b4ec023f419819	0	1	0	0	0
63e78fe8cc2ffe46db57afc3572ded39466fcc21	0	1	0	0	0
0e076b0de718d154e836703b3ce6f58598b31dd5	0	1	0	0	0
44f23712e6adb29058042dfadced1f5292be71a2	0	1	0	0	0
1313b1638ba1eca591bfd6fc5e4fa7108e74d30d	0	1	0	0	0
f8b8d0ef9d257ffcd918ee9121b64185d21c8ff0	0	1	0	0	0
20fc18db859d430b98d423851067bea804cbcc2b	0	1	0	0	0
caa3e298a77a78a82144273b2635326a8f0b2f11	0	1	0	0	0
3ff31ddbac609051ba5447634f40db74ad190863	0	1	0	0	0
d140321f6bf349b09aea242b8ea360399f266b51	0	1	0	0	0
88f4f17bfc102affb572db4277585a8f2f3fac0d	0	1	0	0	0
8be0fc316da85420c4a5f8b02bf41048e9899666	0	1	0	0	0
d51608201eea88295efe94f240d028516d8b3e91	0	1	0	0	0
a571dfe12e55e6ea09a765f83b27ca356564a635	0	1	0	0	0
044fddbb6c1c7819543117a20658a8576a952db3	0	1	0	0	0
b33a5cc4ec824d4aecf4445a77de7bf001986f66	0	1	0	0	0
c00d91844e19141c7359f70a8131805515681c1c	0	1	0	0	0
b0bc5b1de573b018bc3b3a5646f0de0e13a2027f	0	1	0	0	0
10bfb04592ea0ffeaac4746c57e7c724fe1a35bd	0	1	0	0	0
449ecea1bcdc938af21b3227798a5d6f9d12d2b0	0	1	0	0	0
4682bad1f68cd9f1feeb2f3043eee1f89a1c5f6b	0	1	0	0	0
25e03489c3a55545c9ce74bc7f7b182dce289f3e	0	1	0	0	0
fabf088b798cdc032e9a77607d08123131f4be00	0	1	0	0	0
20b87ad7f92715955a8e679b28c4da401d6ba2ef	0	1	0	0	0
82a105d38f241e768ed455837f330cb25915480e	0	1	0	0	0
64b33c6bcdfc8517179be98db9ed1f2626b9b68b	0	1	0	0	0
509afb0d38130e2fafefc745480d3aae8fc613d3	0	1	0	0	0
31aa81c5510b77c470de9436265d183a8ee41a22	0	1	0	0	0
5c45d801e491b03d90afc7cc4526b1c53aff2332	0	1	0	0	0
5f63b3b10dd650884c26e5748c15beb778906b38	0	1	0	0	0
70e5295078a99705ee1346334733320c80d76567	0	1	0	0	0
fd6e9ba7a1dff0ff901bcfd14e42eafbe4e6daa9	0	1	0	0	0
2cc73568a234e86860783def616205671fb4d48a	0	1	0	0	0
f1050db243d0d43d63716274fb653ff1394239c2	0	1	0	0	0
00ac6e6e0a5f35f8bfd2afef5d3b3a74d96cbeab	0	1	0	0	0
bb5352097ca862691eb61b1fc332ebc602117212	0	1	0	0	0
3b9122b42fde602b4809e353041be8c82289e7de	0	1	0	0	0
285d86556507dfc58ac7883436281844662d796b	0	1	0	0	0
4dd3bb4e85c65c8f0ddb7af16a366d99b1517a6f	0	1	0	0	0
80cebe055fd763082dee0b323e7eba85812759fb	0	1	0	0	0
7f3eaee164d89e9cc8d2f9c79cbe76c6f6d32b29	0	1	0	0	0
ae521c21040816fb2b170a632b48e4ef51abfd44	0	1	0	0	0
ba8e715ac0228e3409bed1a5b13f371d8aa2bad1	0	1	0	0	0
0a67eeed97c8a4c42cfe53f139e83c05c34cd68f	0	1	0	0	0
bfe71ce096ded0ac501c427d08ee7ec1035fea1c	0	1	0	0	0
3f23a0e4eb674aa908e8ac1c85c4eebfa2297526	0	1	0	0	0
308145af9fcbd2b23269a4658017b127e158fd61	0	1	0	0	0
620576baebb667c6aadaee60ee66bcfac514f679	0	1	0	0	0
a560bb2b677ea8fead15d7f366ee2bae94cc2e7b	0	1	0	0	0
9652766e7c4b1f8931486ff43e4ffc72cd54bc4c	0	1	0	0	0
a42027490e54dbfea7e99ef3f5423666f65db84b	0	1	0	0	0
a509c5a7280100b368f76fbe1a11d887172ae766	0	1	0	0	0
1c1ebb5bb3d415576ab073a50a2c518e081668f8	0	1	0	0	0
7124527eed7acf4a539943afb1e050ce270df1d8	0	1	0	0	0
f54d0aecec97bad5acb8062311d6409a7012a5c3	0	1	0	0	0
5657128dcc02f8d394a9cf3f09fca7ec72683512	0	1	0	0	0
1e0755310a670d762b22a42618cf21b4ba594257	0	1	0	0	0
f6a26dce8e930562ee45e4d54ab14c4e60762f99	0	1	0	0	0
40f69b34394a417be2283c5218f84c4aeff6ac37	0	1	0	0	0
65961596097cee60275c3e166b649982e6d8dbf2	0	1	0	0	0
60d68327da85d0e7dcb9ccbe99c0fb9e1b8ac751	0	1	0	0	0
9de684c6dfe8f7a82792a039c6306de08652fcc7	0	1	0	0	0
f772d948a248b59c5e035f2e5e290c35f86c72e6	0	1	0	0	0
566058b4df368258c60bef30acce915aa843c6e3	0	1	0	0	0
ddfaecbf91962146a86e894cced21cb552f751be	0	1	0	0	0
b818918e1c246e8a86281d64e14bb12ec38dca20	0	1	0	0	0
33ce2f1715cadc242c1bcc05f9e0ba8ed7627ef7	0	1	0	0	0
6e9838fc27ab83f3c0b1d58dc851e434ae3d99da	0	1	0	0	0
7508a3f2b1c303958d1afa7fa3915e647ef4d15f	0	1	0	0	0
e267c0b815a1aa02039385c681572d2263b8ce30	0	1	0	0	0
9bd92d9bfd0f431ee087ecc07b2384da03c948cc	0	1	0	0	0
e83c9a95708c2a136cbf07a5ded3803ce1e5699a	0	1	0	0	0
af734ab5fe01040251a3bd8dfafa7db9e11af345	0	1	0	0	0
8bb3c508f7511f96228ba23786985bc0ce80f0b7	0	1	0	0	0
a11f29ce4c0200e8e5bea6a88eaf443865edabbd	0	1	0	0	0
3731a586b8b6e6f8e7368868483e661e007cfae7	0	1	0	0	0
5a6ae8302b3eafb5f4d1b4c10f9201ede1d169b1	0	1	0	0	0
ceab375dbda2d1ef2c9d8a0eee6cf8ec1c6ef8c1	0	1	0	0	0
9e60f829f72d2da40d3beac350e06198d4ecac9e	0	1	0	0	0
a975c2834d13eded58c3f9b1fdd833cc4407fa8f	0	1	0	0	0
b8f755146c48f36aae6995944421145c7f3902cc	0	1	0	0	0
6118b5e7fbde07521cd87992be023817a277dd7e	0	1	0	0	0
e467ce8919258a56132d2f658b30ee2174764972	0	1	0	0	0
bd58a6f32928da0b10174c4e5500ec4a4d2b7130	0	1	0	0	0
841ba977963c374562a54078ee0a7a7f6503660d	0	1	0	0	0
1eb3331af4f2120f748dce00e915816f9acfda02	0	1	0	0	0
757c322bf51416228cb7877dd9c62cb2852e6d29	0	1	0	0	0
172f6060cdf167df77eae0b6c0705c41bf9cd11c	0	1	0	0	0
18ab16abb4cdcf123302be7b5bb96b47c8643b6f	0	1	0	0	0
e36c2ea220ad069c6aabbcaa2cb1e7d74719e191	0	1	0	0	0
ae6d56b89da9c10037efd050aeaf39f31914ce8d	0	1	0	0	0
499aa54fd0f3d204ba55bfc68490b38b7aaae77c	0	1	0	0	0
bea76dfb8a1d30523c7dcc101c9bbf7baa55a51a	0	1	0	0	0
104c64004904dfa5d89f605d436de6685fe45d7d	0	1	0	0	0
9bc73afcc9d8a0e3568b39dd46613889964d30a6	0	1	0	0	0
e8bf714c5e6de593173a16e870014654d4240103	0	1	0	0	0
aa01235a378db68ac50bf27c11614a81a15d77cd	0	1	0	0	0
d66fd42f81e70c890a7de39382ac8894e232bd2e	0	1	0	0	0
e46355775814703002d7aace2e8a0c2b2e4a259e	0	1	0	0	0
1819f97e40cde9bd92c2317cbd7b6fbc9fd0893b	0	0	0	0	1
c462ad5ea73a80edd276facf408c8fb7d0922a8c	0	0	0	0	3
8e82e9f1732d415db3add5bc46186c83e17e95dc	0	0	0	0	2
08cc8efa0f7419d2639a334bbafb5e46fb6f23a4	0	0	0	0	1
1acc4bef87748366ab7e3a216c3b7259c93b555d	0	0	0	0	1
98e88af94f8b1b23e07d56b4e4e5e7ac84304a16	0	0	0	0	1
22e3bfef3e8a156e47b47d89ba9ff4d0327df326	0	0	0	0	1
4a3052b14cf41fee4871c23a61204850cfe47b94	0	0	0	0	4
7e271202dcb5fdbbc94c28d285b636f0897a6050	0	0	0	0	1
24352f4653bb86d9318c58c1cfcef3196e50c980	0	0	0	0	1
fff886f99a87da04baf9b2b85c5c1d309ca33ef3	0	0	0	0	1
16737e1bd5bda1ce69ede177ab9d557fe01b2caf	0	0	0	0	13
4909ad90396121c89058a8fbce2f965426519e92	0	0	0	0	1
79ad728d41bf67873765d901cc881c1cd63981ce	0	0	0	0	1
f08d185cc90e3e55f18ac001eeb62f04d8cec92c	0	0	0	0	1
57a0311dc78a12e0fb6736f1f950754875d9769b	0	0	0	0	1
d65a3d8b0af867157b02a846ef2e7e25f9e19353	0	0	0	0	2
43143fdffacfa6823eaa9c70fcbd1c2aaa4e7604	0	0	0	0	3
5a7be2401f28b69bb28ff973c90c9e8239a051fd	0	0	0	0	1
b0800595a8c3d1fb0a9d51c431200081ded93c01	0	0	0	0	1
827848764a1b1266c5ea1b72c835d6bd42f8a47a	0	0	0	0	1
0b7fb3f9a4233dab3a3c37259ccb1cfaf5ab196b	0	0	0	0	1
da7b013409e2b2efccbbd212777a7958eb4f551c	0	0	0	0	1
8b7b47e62dd9726389e86186ea27634fee3433ff	0	0	0	0	1
9e01c4e3e4d113b83bb21682329982473330b226	0	0	0	0	1
15fd83127afa0321cb16b459a346f20922ce867e	0	0	0	0	8
c7f8f6e01f252585b7e3fdc361893c6efabdc7db	0	0	0	0	4
10302ff928b6dc9ba652983e92a556e95517f332	0	0	0	0	2
8e17414ec588c4a76554a79d7e7b64e0164c9dd6	0	0	0	0	1
bb2500a7014a3991df9a2061a686fa5c08588c22	0	0	0	0	1
11b9a9e4c38c7436ddeb98cde177bfb0ec7b834f	0	0	0	0	7
f0e2c5458b8a0f372c85d03072cf9d890636fe55	0	0	0	0	1
d5ce402f17cba93a3d4c384f20a5505b97b2af52	0	0	0	0	1
00b2b677afcaae2d4373b6b28660105dd7746d6f	0	0	0	0	1
178d678f331fdd895e0c31a90c51ebd8bec99c06	0	0	0	0	1
c63db93629e54a7827e40c7b3a5d2887e11b21ee	0	0	0	0	1
3976b802802a39f2b5a21e47f18efbab382ecedb	0	0	0	0	1
b04edf600dcecf7fd6096826e327f10d2d1baf24	0	0	0	0	1
4f463ac2b79c49059660b4a4ee554158812b2ea5	0	0	0	0	1
29d465edf5bdee2675c5c7c429c308f2e188e482	0	0	0	0	1
5f4fe57715e4fe0421af414b07e533a3059f2caa	0	0	0	0	1
662bf84cb77b974a4f437d5d177b9e3e1a1aa476	0	0	0	0	1
26da5493bec720be35378051ac48e2b452c1acf3	0	0	0	0	7
9101c06c67b2e403922573a1b7e90327603ce2bb	0	0	0	0	1
8dc6ac406914c9d1f135ef8f2a83e37506c29f21	0	0	0	0	1
7c6c0739d4332dd25103a9b972d15f4e4d399512	0	0	0	0	1
9e99afbc4c37bfe648cf4f4a1807435ff582a824	0	0	0	0	1
1328f5323003424a6b9d422516fc4294da7fac9b	0	0	0	0	1
86d838cdbacb92ab87916345953ff49c0c3fc04f	0	0	0	0	1
a5fc74b716a2819f045cfea3d8842c119f6ff97e	0	0	0	0	1
ea6e2038b351e5d0a5411c19c0bc7a5b4cec0779	0	0	0	0	1
91f5024b943f11b86893f93c5d71c97627664421	0	0	0	0	1
e93380ccc3035452fbb20a5a679aa445d8a270dd	0	0	0	0	1
675364ce8be4c659055caf941e99bdaa4cc809c9	0	0	0	0	1
c18a348a454800aa12641c7c38058526e7cdb3d6	0	0	0	0	1
42e9efde9b2a1118e8861d5cb2ab6e54067d9717	0	0	0	0	1
bb464d9bf7975117b0b39c2dcb5e773d501a3d41	0	0	0	0	1
326531a1e25142e7f1cd917543679845962d6c7b	0	0	0	0	1
4fff03963b1833ff46453df68420b1657fb4e8c2	0	0	0	0	1
bde87a9cb8224ef51c7423a5353c4359a5f3bbc7	0	0	0	0	1
56ec96ef0101fe051b8004f19730fc7358231346	0	0	0	0	1
d585b08ea4cc0413672641b0d4df0b27914d8182	0	0	0	0	1
64166783542203541066506428aa08d4c42cc032	0	0	0	0	2
30cbe21de12374f0d8b03088ce06408464071b5a	0	0	0	0	1
c0cee8945eee2a1c6b98bad85b4d21a64deba731	0	0	0	0	1
aa342eac6deb70ac985ee3bc289874b0bacf12f7	0	0	0	0	1
9bdf7d6a2ec8e8ec335dfaa7998c0b20feff6ea6	0	0	0	0	1
7c0cc843aa6adb9d612e23d0578a6791740c8323	0	0	0	0	1
24463c84217a750a76dc933d5f9e1e38364e3659	0	0	0	0	1
6e119768bc2c9bd399e9997089480ed09d340a17	0	0	0	0	1
0bf5780f9295f2ee30201dfee7699fb2e548813d	0	0	0	0	1
092a46e79520c7fa6b13a28fef83cc4af7d57348	0	0	0	0	1
92f4a0b5093d0f332b32d80ed6b1734acbd43a2d	0	0	0	0	1
df37fecdc7bb9c7844b60a33f9590574d8f178d4	0	0	0	0	1
3ca71ba1fad4bc76545e54227b3c2ab26e834bb2	0	0	0	0	2
82db6efe8ffbfe75818f6c44dfeff123073766dd	0	0	0	0	1
51e84b50e9de2e4867c89c56d16e0dba68b09014	0	0	0	0	1
042fb57879df6d6e318b1d31735dad37e1c0a3b0	0	0	0	0	1
269d97694c175b782a550ec03deb9cdada501f33	0	0	0	0	1
9cbef7cb975eb664d68ead62589ca8cea745abda	0	0	0	0	1
aa2936d791c138eca3c11c0d8d30655fe7ce578b	0	0	0	0	2
73e86dc9273b86a8f4c243e2bd767104ac9f1810	0	0	0	0	1
812c8624b7e06854bbf166c6fbcf94be4e630dc9	0	0	0	0	2
0769329aad3e951e29ffc768c4c64f8211dcb008	0	0	0	0	1
277652695f6149af1f4020ed45deac4116bf2c38	0	0	0	0	1
006c6f2a7152eb066c97a1cf07782868d8b7c837	0	0	0	0	1
81f260235cd12ebf2e3d39923c941a122c28d186	0	0	0	0	1
1d958c34618541ab8e96daa47e677ae23a7defd0	0	0	0	0	1
2d7590aea2bf98f1c63027e14860a9b1722478be	0	0	0	0	1
c0986627e090a60aa2a92ca269db2b210401e252	0	0	0	0	1
9d6dd22ccd529770970248f2ff0734ee5f131dc9	0	0	0	0	1
ee8cb7be3bfc52937de5b0561a7ae0007efcde6a	0	0	0	0	1
d37393e8456c004fcf94579a3fe7c39a6b18b602	0	0	0	0	1
1a9e4fa3462046b925ad64232abb1c11ed5cc61c	0	0	0	0	1
8922f407ef4f4f4f42e57c0ea1cee1d38fa2bd7a	0	0	0	0	1
787667bb2105c913c05c0ed27924cd54526d93ff	0	0	0	0	1
cd9f34c2c6a22194b6ed294a5b77ffc39e64c5e0	0	0	0	0	1
729cac4a3379cc4b796938250ea951f6c441675b	0	0	0	0	1
2a8e9466a9a7fef5978f8e7baa778f346bc69ed5	0	0	0	0	1
4eab805bfe2a579e214d8906c8bc1f9661d2a389	0	0	0	0	1
4116744cb9d46b078abc7e8531c9cde17a59b2df	0	0	0	0	4
a47e8ed13b2481ab7fc28d834aa8da2e31958085	0	0	0	0	1
800fe6ade08373a175b127a0a433e96d8d306203	0	0	0	0	1
73dce0320f51a44f3cd5be71895ed360ce7250bd	0	0	0	0	1
f6b4ece20c861fee84eab87c51ee7db86a935d1f	0	0	0	0	1
5475b0c6222b61fe35568c8fafccc59f1702118f	0	0	0	0	1
fb0072a3623a7cff8d2b7e337baaa0ed981af3ea	0	0	0	0	2
e3756cb45e18ec94bcb0df7b4136098ec40a6f3b	0	0	0	0	1
e9e3c812f7cb4f675d45d7b0b98bc4e8e9414d00	0	0	0	0	1
9911bfea4792a59c632d3e78c42e7af43efb53fe	0	0	0	0	1
ae2e69508908c8c7bd68261af9ef75abf2db7ff8	0	0	0	0	1
a8ec206bb6ec67dc30d3ced194c12b3b36931d94	0	0	0	0	1
72a3b68c268fe65f9cd0bea12ec0d015b035a1b0	0	0	0	0	1
a569648a64a6164830af6592e6a0b7d5af7dd386	0	0	0	0	1
537ad57d0d0f19ebfabf8f84d7a48cb47cbfba5d	0	0	0	0	1
5a134b8c8b2e02738b87e1276de9e1a2eb554d95	0	0	0	0	1
c5b40949e5f784302a8ffea6b9ddbb08b1e2df90	0	0	0	0	1
b60bfaf2c5ab02fbd4958a55d79dee0c8c78c048	0	0	0	0	1
8282e953530d588d1be66555e54889b78fcaea11	0	0	0	0	1
8cb35142d3682a82653ccbd052fdaff8979c9dd7	0	0	0	0	1
82ef7214302997c5b7523533c8ce3b7588acb4ef	0	0	0	0	1
6ccd54e0dffdd7d55e44bfead0edb34853a5b31e	0	0	0	0	1
e291d4f75ffa61d1adef2853c71137eaa882274b	0	0	0	0	1
a4d9223df6bda25ed4175c4adcd189db59796f11	0	0	0	0	1
bcec1b60e1e109bad44f4a68b58e5da1a672fdbd	0	0	0	0	1
115c3dd49398bfec90c88fbc16d49a125d536323	0	0	0	0	3
c8b5585308ff6ea8536b1bc25749860b6c56f8b8	0	0	0	0	1
e3685c9ccd284772a0115651063589db3f33d8e8	0	0	0	0	1
44434224c601376cef7020bac647655f9c121656	0	0	0	0	1
fa1acf6e6fa1e00963f4a816404e4a053f1d9b1b	0	0	0	0	1
d581f4f79d39d464e03204e62d888309d834ffdc	0	0	0	0	1
0de0dce313638838b20e5d5bae722989e1834088	0	0	0	0	1
f3821a3e9c3d23f99de378390c3b7d0a5f242679	0	0	0	0	1
987a7c5bd2711620a8255c3550da19a13e9fadaf	0	0	0	0	1
d1270bf6f0484e3c759229e2a9b154ec062d2cbb	0	0	0	0	1
006dbdbf87e076715a41c1f99b130fc705569fb8	0	0	0	0	1
e81660fb4864d4dfed69f2d861e383b6db17e13b	0	0	0	0	1
e3e15688bff31ba0a8dc08b600ee841b2b5a83dd	0	0	0	0	1
1e326ba6af4faba577549e22b2c7185de34edc55	0	0	0	0	1
dc490691befa7ac351f394cb28b1a043eb6395fe	0	0	0	0	1
e9e0fe19481af8652fda58ee911520fc1d30c4cb	0	0	0	0	1
2fd72207a05f537a3284868499f1c8cf62da7724	0	0	0	0	2
d458e2ad515eb3eafba9d1793f002fad7cf99200	0	0	0	0	1
0ba895c5ae35840759a1e9a806bcb274846c3af3	0	0	0	0	1
0d7aa7faf63c98d512034a3be4fc9aa76f3384d0	0	0	0	0	1
fbd58b2db4fa585d043d5178635508da303dc522	0	0	0	0	1
6a441dee3d5c50080220c03b17382262c7414dd4	0	0	0	0	1
15e6c68ade3edd547cba5303e323c48924105ea8	0	0	0	0	1
f06adc575ff4430e8cb21641181b6046c4541a41	0	0	0	0	1
1ef31c812567aca6d05ec078a299074013e5c43c	0	0	0	0	1
5b535f430f8b5ebe136bd9d8631acfac6a267b87	0	0	0	0	3
7a56364d288aa1a6738f291b69f5582b64b96928	0	0	0	0	1
011b2f78ea08067f241f9ebefc5a478566ec7184	0	0	0	0	1
632f605c7d90c14ca9de2bf047af2830c492762d	0	0	0	0	1
d2da30aa66ae8714c07de99575dc4b16ce0bdf41	0	0	0	0	1
7ea89b985c79c39c2a433ae278b91897d6bc696a	0	0	0	0	1
db82e491351f5cf9879e637814bca78df5dff400	0	0	0	0	1
e84dbb46d7d5c53ca8107877600a75129664cdcb	0	0	0	0	1
1520f678a841e1d005f03f3a4646b31ea577bb66	0	0	0	0	1
961f9eb243b4cd47e321ad4def7f019129c9a9dd	0	0	0	0	1
361841aed818faf91095cad23765b4695efd1b29	0	0	0	0	1
9f67a2a3c6fe6717314b23cc24de18af3dd445c1	0	0	0	0	1
d85fe324d7d5fbde4df967a2d1e7e52640a11dee	0	0	0	0	1
952d14247c112d5aa3cc026d1cffbec6b5219a59	0	0	0	0	1
4c252e3bccc5d50cbde348af0ae6348f8a8b6e6c	0	0	0	0	1
670b683a069483310ce81cb416dcacbd45236137	0	0	0	0	1
ee2f9a764ec461881e5f5a6f457d4b0b511a6d99	0	0	0	0	1
843146f523641fb51fd691dd92013e792ecd8a7f	0	0	0	0	1
ec3c8a6f2e7c5c0d04a5213c73237207adadb4e1	0	0	0	0	1
e2ebb1ff59f3a9699ffe838c16d97d8b1d33e785	0	0	0	0	1
371a9eb04ae6505aad8afe21a26ca5691b17ab4f	0	0	0	0	1
dd924ed5448b9456b8edd95fd0d77ce927257465	0	0	0	0	1
d98772bd56f577816606e967cda8fc4ba88020d0	0	0	0	0	1
d33673c3b816e256112d89bd18fdda3d66b156af	0	0	0	0	1
57f29564781c273618f1b4c1f0ee6345fdea31e4	0	0	0	0	1
587b212e7f276283d6b6a4313eaadec6bc80e9b3	0	0	0	0	2
249263c120cdf0a7bef6e0155ba2d382ca8a7050	0	0	0	0	1
93c3745b619c2bf788f03b9d8fd7e72ac252f1d5	0	0	0	0	1
bc9bea92bd50994c97fb88a6340c9d3c13046965	0	0	0	0	1
1abd7c87eb0b3da41a15ca43d84af363dc480f52	0	0	0	0	1
08cd73982f1d5407ad6185ad32ad5a87e195991f	0	0	0	0	1
6f88f1eb1887eb8488daa81fcdc15660fdc85582	0	0	0	0	1
5721861dd3c0c71d7760e4e5f8e335265218d011	0	0	0	0	1
1d48d2d17a586ce03d0cf7a97df1378c77dd0b1d	0	0	0	0	1
7c05a63333a7a127a93818b8c84f3c50e539fc26	0	0	0	0	1
b39824e700e60e9761791db937ec8dab5b8ace43	0	0	0	0	1
2c3e7313f73de6774376170b7a655cb6704b0dd2	0	0	0	0	1
72436bf6d73b83f8f89c00b917eec1ff6180dd16	0	0	0	0	1
ce4c05c072a1727ac5bc31ce87af813bb3718829	0	0	0	0	1
0979dd331105a4bb6db38b6b50de9fe186aa1df9	0	0	0	0	1
eeae17507e175a69f6cc6a12742573cb891df485	0	0	0	0	1
a551a2fa3e9227a7ec7a76842e05838e9e975247	0	0	0	0	1
f87f41230506765fc960a697fa7715c9272e2e4f	0	0	0	0	1
707acbb5427ac6b76eb037d55494270a0eafc4f1	0	0	0	0	1
60b7aa20250547cd36b6a537ee29a755ea6ed93e	0	0	0	0	1
95d6b93b804690be5bc1637b8474d7e9eff6f0ae	0	0	0	0	1
36ae814460f38199756174d61d683c548a91b86c	0	0	0	0	1
1f25a46dcb04cff3e62df66769ec670d5968ac58	0	0	0	0	2
20dcf0b3bae66b9cedf877b96ec79c3d828f000f	0	0	0	0	1
c5a2e0cf1ad05a33e3327b8d705df7f7e60c2281	0	0	0	0	2
300984ed80d19f21d02ea656b840f2913dac0858	0	0	0	0	1
bbf415e20131c509fc5e426f2130382f78dcf032	0	0	0	0	1
b0a4cdf0e3f400e16bfa1619d16d2cc2d16399e2	0	0	0	0	1
6954113d5fcdf1a16fa708ed94c58312e20c3d37	0	0	0	0	1
85cd570dbfa95b4d62877cb386510a0ad08334b1	0	0	0	0	1
73243c50308c31f0b18edf24d2d2cf17dc57bd02	0	0	0	0	1
d1a6055d79312937034cd84b6ed6b138eecef7e7	0	0	0	0	1
1de89f3767c4b2d33406afc26ee0da078d0fc9b7	0	0	0	0	1
4e1e4b4fef3ba9e73658e0839b4dfbb45c4ae354	0	0	0	0	1
433d909b7e232e52e6914d3a1ff1b3ebf3bc34eb	0	0	0	0	1
0a7b41139d2df1a8408178c99079085c6469b12b	0	0	0	0	1
6f5d5beb858ae64ee30853a0fddcec4e27429407	0	0	0	0	1
977bae15f806de9ce8fe92cb957324c567ae56f3	0	0	0	0	1
12014d9e963149932d2204349fa02b25aee9c8a9	0	0	0	0	1
c969f7c416c71d68e35d741687f18a548070fbd5	0	0	0	0	1
4eb48112bf5ab89ec7a88a27c7f45def37ce4877	0	0	0	0	1
cc84ade11efc5110d62b00e590af353b9b3f5df0	0	0	0	0	1
f0d482ce7006d4199a16bc75c5575aacdecbf6ea	0	0	0	0	1
1021eebc74af63d15bb5dcfdc3e7699ee6cbcde9	0	0	0	0	1
50632eacf4df5d54aa91245371c7f6deb929d303	0	0	0	0	1
f9f1126190f652579af74d787f1b987747910554	0	0	0	0	1
608d640205fe1a88d4a467a71e715b0e52fdd62e	0	0	0	0	1
60b23e8c7f7c8f6e5b27f98113540517df869458	0	0	0	0	1
f045803f6a23ead1777f7e23e7d114fb28712cf2	0	0	0	0	1
b37b71b870e96a7ed65f00f82408f24d71047166	0	0	0	0	1
a1abd0436cd745f0e7b6f3cee8a02ebedaa360ca	0	0	0	0	1
c19281d1cddc18e28c5853fd0e52abc45f4a9c91	0	0	0	0	1
00384dd31f159746d1048168b508020f13e58bef	0	0	0	0	1
6aa3171e89d800771862e3e47e91be1d70a88081	0	0	0	0	1
a215c250cff309004a1dd743f93a642f3b5f1123	0	0	0	0	1
31049c508af1e8393ae3172a653e5646f5fdc30d	0	0	0	0	1
10dc22332a971e7e546be0210c2b806cdb2cee80	0	0	0	0	1
84cea3dff4d290d6f9790a1f6f23b44560037bd4	0	0	0	0	1
c5c0ae037e9afbab8234016c6984843248a75d76	0	0	0	0	1
a788900576a7517beb7502f2891d2ed6ef3e8f1d	0	0	0	0	1
4264eb426a377ce52f67c66a705d74f533c881a4	0	0	0	0	1
f8c9e04b261617b89e909ac8af5abd8cfb943b25	0	0	0	0	1
83660ded6a93637a3aa2c7cb8a58ea35521dcf92	0	0	0	0	1
83e3be3b866ab5e291f5a100fe5b346cf05e1066	0	0	0	0	1
5e2ee4090ae4473414f5d035223f46e233ae19ec	0	0	0	0	1
5e981ad1f4e17733d40169c63dd1a4024decb730	0	0	0	0	1
692cdd76a94c1a65a8abeb738bbd14f163a7a91e	0	0	0	0	1
141a43f148207893fac6a227b7d377aeff44b1d0	0	0	0	0	1
7155303af41ea696f020d23661e47bdcbb24e5be	0	0	0	0	1
31617e4143d9fcad132a258650e1472d4193bb5f	0	0	0	0	1
ce2f079be9f2597bb870d2573c278235c38f5324	0	0	0	0	1
ff33366e055fc114d77bc95b15953e714ee34ce6	0	0	0	0	1
9fcbbb1d01a3e374a370aaf890e5c22b269a9d5d	0	0	0	0	1
b27a2f288253e317b23b6a676cb28d5b3d99f06a	0	0	0	0	1
a3b88334d7a1276e236caef89e25b2f7fb02bd86	0	0	0	0	1
84bed38bf8b03d29f3a2d6f8ce3de08fd93898eb	0	0	0	0	1
53759bc24fc72b7b919a4bc15c7f0b9d9d6dc280	0	0	0	0	1
a64bb646927524798b68c5c60d2368f0d193ce19	0	0	0	0	1
0f2b99bede8a0055f562e11af12535ec71ed3ebc	0	0	0	0	1
b4b56d3dfc3e9e112458575af386924779973184	0	0	0	0	1
a50762e25d9bc46c7a08172b5344d1f0de23f4b3	0	0	0	0	1
f75d71d482429ffddc5b13e99f2aac7d42b60973	0	0	0	0	1
2ae47e0da73b01bf7f8ddda895f6c68495f94b21	0	0	0	0	1
a87ecdc397e3592de38155e94c4d28ea04b00a00	0	0	0	0	1
75a887bb222b01022bc0278123bcdd07bcabd7b3	0	0	0	0	1
9c26ec6afb20322740d0758c087740142bd267b7	0	0	0	0	1
b7cd43396dd1833ad25f03be6b6f704108d02578	0	0	0	0	1
ccd9b90ced2607f528dfc056e8ae3ff7b0af6cab	0	0	0	0	1
3bfe44a6c6d2863b0a048e0c9d9a7c8dde34ca74	0	0	0	0	1
5a70b73aa01c2b13bb02b57fbbdc357788547f75	0	0	0	0	1
03fc70dfd04ac2e23f59d04ec85aac8b341f8b39	0	0	0	0	1
2f3be7be8669c12be9cbf326e3d5fdb0618cd7b9	0	0	0	0	1
e0f72bb51a0f459e5cd2d58f3b5c3d4182be0efd	0	0	0	0	1
27df6190e9feda8a49d1bf87898bfbd6546f73a7	0	0	0	0	1
f8fdc78bad48dcf014b3e73d03f6a0001ac4ec04	0	0	0	0	1
ed1818871dff57d362bc72972d4b296acb59f673	0	0	0	0	1
6def0783e747b8b35a7e6a4b6283a79ba0ea914a	0	0	0	0	1
7d44f174fde3055a856ee2340edffeccdaa14ea5	0	0	0	0	1
bf1871b3b33f5e25e5d27546a23083ff6636bc6c	0	0	0	0	1
40a85256115552bab1062e58ae5f7b5f91566961	0	0	0	0	1
3951e9bb58a82f92ae3eb57ac5b3a35bc76c4ec9	0	0	0	0	1
c96faf1e4048bc5c81a0d790dd5ded7d961476ff	0	0	0	0	1
53fc20c7e2c3ff7fa114da5730d20082981289ea	0	0	0	0	1
44b1708e6585a10c54fa8c7b7bd56f544f3b7d5c	0	0	0	0	1
cce8393f5ebe828a065c5038583677cd0d31fa05	0	0	0	0	1
cefd7756b47fdfbf6d9d9b4f04c6271744727b39	0	0	0	0	1
88d439b4c8a85e689d49a34397d4753217e04f08	0	0	0	0	1
90206c42e7858c89709206ccf386f859724e1364	0	0	0	0	1
e9bd0754f459855a3eeb970572c3f958ec538522	0	0	0	0	1
4bbea24b66c8d7598923d434039206c183556fcd	0	0	0	0	1
9ad3daa25399d98a8f35850a5a7a522294396996	0	0	0	0	1
fb77fb739207baac06796a9aa1bde6c45dccae33	0	0	0	0	1
2068fb1c11569b816355d55240f3ef7f7620d480	0	0	0	0	1
135fa42d9de06e49edb23ea6b56ba2c5705a348b	0	0	0	0	1
a8e1099f83e9f1178c82dc62668ff449d9096a33	0	0	0	0	1
69cc906bb176c5275f4f98cbf0b645caddbea195	0	0	0	0	1
74880cfa3d0f056191f2d8c95237c27bbf9d935a	0	0	0	0	1
e53824360ffb03d985274886ef4b3084ec8ffe9e	0	0	0	0	1
38d294c3561a3ed297fb4275ad654ddd1aa79121	0	0	0	0	1
54b639aa00e6d553a141395f0a5da55e47489541	0	0	0	0	1
180c1cd40e3e773893495fd50fa276b764c9ea5d	0	0	0	0	1
869f2d53b3437feea749daab230180bdb2bbafe7	0	0	0	0	1
b42a75a6d9e9cafb6d01a8ba813a650fb6c39548	0	0	0	0	1
18fb73e5f5943589ccf9f66673ebc927ec36c5c1	0	0	0	0	1
b73dc093b31729db0ac91f26909b66530bab5d16	0	0	0	0	1
039b7baa8860c648a86b72dddf314765a79f9768	0	0	0	0	1
9a4c8f94fa6bad3ca2b8ec4894db0f82dd4b5951	0	0	0	0	1
11d5172420002dd873cd670791aecb9d77bfe96b	0	0	0	0	1
c5e4f6402f786ee067f6596eb71e3c306bfcd86e	0	0	0	0	1
fe1e97bf3de4f0a5a1addfb9bc865ba80fd042fd	0	0	0	0	1
4bbdfc1bf68be660c0cc4a3e122782b00b0e96e5	0	0	0	0	1
94b38fb6b603bf4d670764e0e422ac681c5c57d3	0	0	0	0	1
1d3f6486946f21948eb375c9cf9f49d0a275610a	0	0	0	0	1
df2792b0d53134c15e1a77186b37a97a0b06c6a1	0	0	0	0	1
0bbeca963f8d64b6d88fab040a56174713e92a4b	0	0	0	0	1
ff701a11e5f9e25126039ccd27f454e4a408d31b	0	0	0	0	1
968145c8489185d97f9a3287053a0c4c24b21074	0	0	0	0	1
34a784225234a6b1c69d2f37c43168554a36adfb	0	0	0	0	1
fc496217568a24fc1fc9fb24af3a88783245b4e7	0	0	0	0	1
294060c98e6de01bd5808b237db6b9f47610d927	0	0	0	0	1
2a9fa66137433e3e55a6a6402253296df2d25828	0	0	0	0	1
17631f15122681d67cd1da1f627200587acc9373	0	0	0	0	1
3aab506892507c6ef1c7a092e168e18b5477b215	0	0	0	0	1
b53dba6bce177d9d8d04cebe9782df4d7add61ee	0	0	0	0	1
7601caabc749bfd24f74ea856e5214c17a783419	0	0	0	0	1
3829388b94df06e212acb8358360b940ab617636	0	0	0	0	1
0d2bf3bafbef5f3167530ac63f8cef3fc147c7c0	0	0	0	0	1
246e19315bcbcdfe5152331098a3f20c81addc16	0	0	0	0	1
959ad69bd9e55c7ddeed96488b2b60a96b11303f	0	0	0	0	1
069169abe78620b2f66454c8e0cfc3e46cf8f1f4	0	0	0	0	1
429390c8595429295f61a650682372a40edd28e8	0	0	0	0	1
4544e72dcd677f4a9fc254a813990c9d83efa6fa	0	0	0	0	1
f97939d53fbbdb167e484952c933fec0d5f3cf60	0	0	0	0	1
da90e30ae30eedd385d5ce8f531c7fba24ef53a1	0	0	0	0	1
add922987779cd9af2186ff8dda7b1b46c56aa97	0	0	0	0	1
5b3ab4c91b555af35e85b99ba1903d4419d2a5e1	0	0	0	0	1
5687e0a92d893434d3d389ce41952fcad0f0cc10	0	0	0	0	1
3b8bc84d60f7b748e28f4180d843a742202dd0ca	0	0	0	0	1
2449caf8142653282bd95543bacf1b5dd4774821	0	0	0	0	1
f11f1e2997ee63d240ee8e64d6d714bd8f7cf282	0	0	0	0	1
d1193a7778b8006fb641756ed610062ca5da64a2	0	0	0	0	1
cff363d72305db6d5d73abaac81aec489ff5ada9	0	0	0	0	1
44172a6f37c5d9f1cf76bcaa6fa4ba3a4e2a5511	0	0	0	0	1
908c2dcae8e2cd4a57632ac053a2911c18a02a54	0	0	0	0	1
1b0b9dfb5bd14568b26520f5947c4252bef38fa9	0	0	0	0	1
4d19d8e3a7281345637f5f3e105c949fd41b0604	0	0	0	0	1
dd573b5bca9659e1262880627f45bc436bce6ccb	0	0	0	0	1
65f23987439a69c68a15a1e46250c92eb1830dcc	0	0	0	0	1
f71ad487ec5312578e0afb5bdea95f8d7a2c1a49	0	0	0	0	1
8178274efbb043cf9b875750c1e6ff9133bfc51d	0	0	0	0	1
6e444460d16622161a777577e65c1bdba9881442	0	0	0	0	1
ea0a04d68de12ba802b8a1574022883ec6599ff9	0	0	0	0	1
fa03c7fcdcca3db35a1177a05fdb74d6ab4dd51a	0	0	0	0	1
7fb63a7ac64f128861f4556ff7f5a3fcc4791a4d	0	0	0	0	1
a4329bfea8c2c688679ba2aec48e3587e517ceb8	0	0	0	0	1
d47a34f4f7df57e2c8a5176e7e449169de06e63e	0	0	0	0	1
8f6193852b1b0d57461bc9664dbdfb5dfedb045b	0	0	0	0	1
5fc67ac3327378cf05cb1d05da2446002061d15c	0	0	0	0	1
11a7984312a64e03aa16deb70cbc7bd25dbe61f8	0	0	0	0	1
354aa0b79a4a01c353ac873bb18729cef92b9739	0	0	0	0	1
c7775380587da9bf49ed925b2bcdaa2d4f504c5e	0	0	0	0	1
03e22ad80b67b5f4b8597ef80b74ac9cb145f003	0	0	0	0	1
206ff982360d11a396e51d6577061f4dab2a82e1	0	0	0	0	1
f549ecf51d64f6c57357c7f6e68aa67664e2d061	0	0	0	0	1
1857ce14809078cdf1217a9731e0e103d1423bfa	0	0	0	0	1
6f1b329b77073475a9e3f758416533b3a2256834	0	0	0	0	1
e90d318495d8cc4f97e4ce5ba39b083ea89250c2	0	0	0	0	1
ac6a934af15a4acc46b69d7d82e25b682451fa3c	0	0	0	0	1
59f2b0915f8f045e3f89de0ea9bb9e8773e24e9c	0	0	0	0	1
24e292c8959187e7fb2b21deba576bece33097ee	0	0	0	0	1
c641a2e6f00d9ff6d32870aca34efacf64630c71	0	0	0	0	1
50118559dc1a11383c61a2c60b3a678aee288322	0	0	0	0	1
080ad02d8af19a90cb4e961afce50e5847df1194	0	0	0	0	1
9c3c9fd4fc7c04291e578fe40cb12c414d669695	0	0	0	0	1
087d3291a86647fb2ddc6ffbecbc6f937c446d08	0	0	0	0	1
4b7e6c29ad821533bc090d52b597edeaaab64f61	0	0	0	0	1
70dbff71e17c952deff92f152ca7cd031d857a59	0	0	0	0	1
8fb5610dc618fb2fa0094b36185d9a25cd3fe660	0	0	0	0	1
8930ea400a5e62115ef7f74a5ca4c2f1d112e16d	0	0	0	0	1
bae6b150bc78249f748c44f779c18744e6462ff0	0	0	0	0	1
84b44ff3128862fb84d5eb3e60b13469568bb923	0	0	0	0	1
b76e01eba9f5581d915eb5728e12dc4368fd670d	0	0	0	0	1
0f3ed60287ce8c1edfb1bd76f8d88474ac843235	0	0	0	0	1
e909b60faa7297630a1e2000d1caa761bdeffa5c	0	0	0	0	1
fcd533c07984fd86b5a6136b7bc76d74bf914f54	0	0	0	0	1
a192c7b0520507fba6226b79aacab07fb5876d49	0	0	0	0	1
35795f17a06a467298afc3ff49f74f8d5b3ecced	0	0	0	0	1
e0097764214543ae4b766e1d0c23f374305f34c7	0	0	0	0	1
277ae624a45d45dc9fe1f4e66acd7b2202564e90	0	0	0	0	1
5f9a0308fc7ee2d44f1b924779a9ab111a5d95ed	0	0	0	0	1
8a03c963e8a9d53562c10f001e2996668c95ba33	0	0	0	0	1
9f0eb46111b85df25c4ba57b4b25e506982e189f	0	0	0	0	1
772e92ba46256f23875f8348dcfb265e93bbbcc3	0	0	0	0	1
5b924204e69c7cda25c38dc3dde8a1f7bf239d59	0	0	0	0	1
d9e78c90e68f0d57402410db51fca401382c2b76	0	0	0	0	1
76518c14ec793dac3b0fb3fe77fd05ef7a3a6dbc	0	0	0	0	1
863f11d3465362f5579428bdb8287052aadfceb5	0	0	0	0	1
e480b4816ed0f27555349df7bb026581e825664f	0	0	0	0	1
c8c7559506017c464ab100a627de6a80d695f770	0	0	0	0	1
c005a0848db8dd2083d0e09e555d233143c744f0	0	0	0	0	1
b346ff86dd5162388f8d61fd37b20065053a4ab2	0	0	0	0	1
76ec71d07f7fead65fb6a95ff72827f0390d0f8b	0	0	0	0	1
72e53438ee9242ad6396fbca83a00f573f366e79	0	0	0	0	1
37d0a496f21707b7f1ae433e54d4efd7c6d62aca	0	0	0	0	1
0979754c166d341e90908a94cb82b8f790360e78	0	0	0	0	1
89ccda886dc38fa35bc6a483dccca89906e70373	0	0	0	0	1
c607bc3211357b6998c559ec558c937cffa5fa36	0	0	0	0	1
7663ed9df55569ffd239baaef739e3b002db3ece	0	0	0	0	1
465ff23a5e84ab11fba477a71af0ffe895b12cc7	0	0	0	0	1
3988b203774a33a52aad7f2f11f30abfc74d221e	0	0	0	0	1
907984f65df3a74b895e3db7d27b78d676484cc4	0	0	0	0	1
facc3ab4ab2abe5c955ee3edb486b96e637340a5	0	0	0	0	1
229a088abec91d7e85860871c9b65814c338c1ac	0	0	0	0	1
a36266fd9a7fcebd4f845dd35197207edf1ee463	0	0	0	0	1
bfb41224a0014a945d2c40b089990dc3cdaab34e	0	0	0	0	1
acc8c07376f404b49e543b23f85996e984176ca1	0	0	0	0	1
06483afd536263db1a37351fe176c833442bf7a5	0	0	0	0	1
fe35f7dc07d6c503d0dcd6a453d0bdf84e5d6985	0	0	0	0	1
3540df7070fccd68ebd45b97ac3e0b1098fec2ff	0	0	0	0	1
a777fc07ec920bff881e0be6d07846810354486d	0	0	0	0	1
9e0425af678603127cc7fe1d11aefe55356fad55	0	0	0	0	1
cae86bdb92e97c3286511ed9b410db46ee5cd705	0	0	0	0	1
f161e50ed89ac8d225299163d7d9445950622f48	0	0	0	0	1
e47b73e5839ae6fc040cdcdc669f18ea3cfd6317	0	0	0	0	1
b187a22cefe501fecf78aaefa1126719530554a3	0	0	0	0	1
132bba32f1df589eac26c19636b0ff06bb418d9a	0	0	0	0	1
9b0226db40c73daa79c9b083da1fd29039ede0b7	0	0	0	0	1
e6e932181e091fec37569f1cbef33e842f5d49c4	0	0	0	0	1
d81c2a3ae11bc9e42c6312e46a1d785fe78fa471	0	0	0	0	1
2ce4442d585f688a8b22f2d709fb9dc7775a1307	0	0	0	0	1
87f1223613310de6005ca943325335a4975b9c4d	0	0	0	0	1
f88addeea688bd4303980957e2bbfe9b058ae8ad	0	0	0	0	1
48deb827f005418d8e46329ccd9c3bdcc67bd256	0	0	0	0	1
133bc5da28a96c21c64a3865c5f8f25e6b1b2eb1	0	0	0	0	1
81dc943ea1e6dcbb38878b80c268dd85618ef94f	0	0	0	0	1
5859264f1d0450b0c1b43bc77b2858a433e2a553	0	0	0	0	1
7e0971ca4c83cd0957fbd11004d867a96e1c3f40	0	0	0	0	1
2983d7bf0e753a98d2e6b63d14ebb0df9ef53a59	0	0	0	0	1
b2aacb7af531a8f475c88b25e6fbe71c453954dc	0	0	0	0	1
f2bbfa764e57dae5acf053c5f0661967db8ab7c7	0	0	0	0	1
3d4c37a0ab69e1051fd5b84fa19a91b2c81fab42	0	0	0	0	1
b3f40aa9760db7ef44927146a229a49f3ffc07d9	0	0	0	0	1
6ec4a43a66864d9cc4f3ca63eba34a53e8baf745	0	0	0	0	1
06429a8081e33b35ae96a2802773e61623d10a75	0	0	0	0	1
c27c09602ae04f3467fb04b0a77b8cff8d349855	0	0	0	0	1
995f298fd87432ad77d968f5427093ba28151b2a	0	0	0	0	1
3bbd79a94e2b3433a81d6682d1936106a32100ff	0	0	0	0	1
92cedd18eedaa34299f5ee8bb082279eb314ac2f	0	0	0	0	1
b51fa1430586b000a8cefe1a74e84f59e337fca4	0	0	0	0	1
5e90c99c09ac98b1d68776980a420ccbbcce13b7	0	0	0	0	1
84022f0f6429e10c8b5d23ba21c37c648a786205	0	0	0	0	1
6cd23b9edc909ea6bbbe7cf580aeff6cebeac86d	0	0	0	0	1
c679523b0ed53cccbbf6e8043176c59cf5ecb9d6	0	0	0	0	1
f7e4e8cc01b791a5a7f146a5c13f99193dcdace7	0	0	0	0	1
01ad91ac98acd2b0fb3a5268a82f3550c2d7f00b	0	0	0	0	1
c2081a9a5ec25ddeeb1932a3d9d5080235fd2a6c	0	0	0	0	1
7658749be7205fa5f4a0ba5f64dba3f1a2c80297	0	0	0	0	1
46b18ab768cd99186fb5a479f87585c66874a4bb	0	0	0	0	1
1e465ddb9a37a2d4be545d2ad9050ffe3010f5d8	0	0	0	0	1
427f8b05e6d0fa6bb7b9ca293ddb4c6388503844	0	0	0	0	1
003034f2e3da8de682994932ca52c2855ebcf18f	0	0	0	0	1
40579caac600dfa618ea82983c49a84b3c4a6817	0	0	0	0	1
080d1a8c61199a9ffe0b73e54703ed2cf7458079	0	0	0	0	1
aa8babc363314db243b5dcbe86eb3b55879743fb	0	0	0	0	1
12605e2e257f70a9f3f72885442fbe6f617c63d6	0	0	0	0	1
2f98b70d3cc6428b901e9dc01bb33026133c7240	0	0	0	0	1
371b5ced7f0be6ba47ddbb27a6bab7bdca25034a	0	0	0	0	1
e6b554e79e405e88c0ac6e38d4f6b9a2cde8f9f9	0	0	0	0	1
ba90111ee06937ddf8f34051e18d23062e810d79	0	0	0	0	1
662e400615ce989883b71e6cf3b2b3d3611881d3	0	0	0	0	1
493a9c9dabbec016d391b0280ebb6f43a143eb5c	0	0	0	0	1
8a0fcb971162de02860af39ab64114f3492e1fee	0	0	0	0	1
dbe0e6258737c9d05394fd3bda86cc45966eca0b	0	0	0	0	1
e7cc2399bedfe24985cefa291412a6321989f142	0	0	0	0	1
a12a8d660a277cae08e40c7d4979725d07f7333c	0	0	0	0	1
23a25420a4d0b265aed360de73063933d939505e	0	0	0	0	1
0b029dca34749818bc6b68b435238111d25d57c7	0	0	0	0	1
0424eedf1a6b6eeeb449d3cdc9089f4a91b7c2aa	0	0	0	0	1
c826c889ee24bf0e05cd897935957007fa024d13	0	0	0	0	1
3c2645093615fc1537b402232104efa32a10d783	0	0	0	0	1
b96e52a62b3a78f98364c5c8fc074e6eac38bf1b	0	0	0	0	1
d8a7fbe220eddf7bbb5cbe3641fdca1a4469fbb2	0	0	0	0	1
976752d36832accdac7cdf7fbc20cfa594532ffd	0	0	0	0	1
db46d8e4433f48dc0ba6de24731f14f93ace1970	0	0	0	0	1
4002ab981bfb46bdc7621276cebb90ad63453029	0	0	0	0	1
9d9e1274a370c1ada41cdcab46816165fae77acb	0	0	0	0	1
f3feff38596a7cdf844dd68d06e1a738b615f279	0	0	0	0	1
2d66f899a2308313257b8d344996b53a11b50df0	0	0	0	0	1
3517a6bfe3ec6b306791bd6981feeeb1abff2d2b	0	0	0	0	1
b9a9eabc39b3369138486b1f71a3a005334bd1f0	0	0	0	0	1
d6dd2b58f36bb1a87211b498f4b68df284ac0553	0	0	0	0	1
8acb6b91b1ac493f7a952247d67fba85c6880d9f	0	0	0	0	1
21c2188f5f2cf3c75deae40d6df496b0b5e1e8e8	0	0	0	0	1
c43104f31108c724244aa8370e403dd1b3524049	0	0	0	0	1
a66fe344695f5bd428d3399ea0ecfd4033c4307d	0	0	0	0	1
c6273334edea5ea065fd4fcfc87c760f0dd3116c	0	0	0	0	1
63a832fbcf385efc8e3d9e99b997e6d722ac66f5	0	0	0	0	1
d44386ac54897e861c170cd7e96a34841ec71f51	0	0	0	0	1
1f7147979dc890b8103673e7e219be6b5f2b9932	0	0	0	0	1
b0754234c26fd53fe200e86938f4e7b23a764388	0	0	0	0	1
79d41dc123613b0c3006ba5f58248cfea9a8e708	0	0	0	0	1
2e7217d04ccf3d0f0a026d2fe4e8888500339164	0	0	0	0	1
e0f10f203a713cb213fe855fcd83a7d55fcaa95f	0	0	0	0	1
cd14f5036c5ace6d2f1a484c2a20a90fb3de8245	0	0	0	0	1
440db1cf196936877bc39da2340c9629b79f6622	0	0	0	0	1
384e0a1a635954acc93a08deecb2ee0134dc0775	0	0	0	0	1
b01442fbfa6001a0b070b8e99eec43176278913f	0	0	0	0	1
62a9239fad7ad3afcdd2fa10d103ae292d598c24	0	0	0	0	1
8b59ddd0f6196b284cf84bed85445e170ea57411	0	0	0	0	1
2ffbb1a66c4b653eb3db099f7c1e9713f8153bf2	0	0	0	0	1
